HJD	Epoch	O-C	O-Cerr	Source
2411136.819	-10912	0.2302	0.118	Harvard
2412583.263	-10535	0.0299	0.0672	Harvard
2412932.445	-10444	0.0213	0.057	Harvard
2413281.466	-10353	-0.1478	0.1199	Harvard
2413657.688	-10255	0.0237	0.0935	Harvard
2414405.754	-10060	-0.1754	0.1189	Harvard
2414774.281	-9964	-0.0243	0.059	Harvard
2415124.526	-9873	1.0309	0.3336	Harvard
2415472.784	-9782	0.0987	0.1389	Harvard
2415821.746	-9691	-0.1297	0.019	Harvard
2416190.127	-9595	-0.1255	0.0209	Harvard
2416547.045	-9502	-0.0722	0.0459	Harvard
2416900.097	-9410	-0.0467	0.0246	Harvard
2417253.121	-9318	-0.0506	0.0207	Harvard
2417648.346	-9215	-0.0631	0.0208	Harvard
2417997.495	-9124	-0.1042	0.0233	Harvard
2418362.034	-9029	-0.1037	0.0205	Harvard
2418745.773	-8929	-0.0901	0.0208	Harvard
2419125.627	-8830	-0.1243	0.0274	Harvard
2419509.325	-8730	-0.1521	0.0173	Harvard
2419858.564	-8639	-0.1034	0.0221	Harvard
2420223.128	-8544	-0.0779	0.0187	Harvard
2420579.997	-8451	-0.0738	0.0217	Harvard
2420929.155	-8360	-0.106	0.0165	Harvard
2421308.994	-8261	-0.1549	0.0164	Harvard
2421669.741	-8167	-0.1097	0.017	Harvard
2422038.166	-8071	-0.0609	0.0313	Harvard
2422398.816	-7977	-0.1132	0.025	Harvard
2422809.302	-7870	-0.2131	0.0343	Harvard
2423166.234	-7777	-0.1457	0.0404	Harvard
2423515.277	-7686	-0.2928	0.1272	Harvard
2423899.266	-7586	-0.0289	0.1778	Harvard
2424256.141	-7493	-0.0188	0.2259	Harvard
2424666.721	-7386	-0.0253	0.0806	Harvard
2425292.137	-7223	-0.0811	0.0431	Harvard
2425649.125	-7130	0.0418	0.082	Harvard
2426005.7	-7037	-0.2483	0.0365	Harvard
2426381.896	-6939	-0.1023	0.0418	Harvard
2426765.451	-6839	-0.273	0.0309	Harvard
2427126.239	-6745	-0.1866	0.0235	Harvard
2427517.537	-6643	-0.2884	0.0744	Harvard
2427870.641	-6551	-0.2123	0.0304	Harvard
2428219.959	-6460	-0.0847	0.0248	Harvard
2428576.699	-6367	-0.209	0.0324	Harvard
2428948.98	-6270	-0.1415	0.0147	Harvard
2429298.114	-6179	-0.1977	0.0298	Harvard
2429651.135	-6087	-0.2045	0.0339	Harvard
2430004.193	-5995	-0.1737	0.0248	Harvard
2430364.882	-5901	-0.1864	0.0219	Harvard
2430714.072	-5810	-0.1865	0.0275	Harvard
2431090.103	-5712	-0.2061	0.033	Harvard
2431443.101	-5620	-0.2359	0.0258	Harvard
2431796.236	-5528	-0.1276	0.0329	Harvard
2432264.411	-5406	-0.0978	0.0696	Harvard
2432624.966	-5312	-0.2454	0.0294	Harvard
2432974.053	-5221	-0.3476	0.1699	Harvard
2433833.988	-4997	0.0423	0.1199	Harvard
2434562.9	-4807	-0.1244	0.072	Mitchell1964
2434562.911	-4807	-0.1131	0.0191	AAVSO
2434778.239	-4751	-0.0997	0.01	Szabados1989 Arch.
2434915.903	-4715	-0.1489	0.007	Mitchell1964
2434915.92	-4715	-0.1315	0.0105	AAVSO
2435169.164	-4649	-0.1465	0.0061	Irwin1961
2435219.538	-4636	-0.0849	0.005	Szabados1989 Arch.
2439159.926	-3609	-0.1287	0.2394	AAVSO
2439528.312	-3513	-0.1191	0.0311	AAVSO
2439551.373	-3507	-0.0819	0.0034	Landolt1971
2439559.471	-3505	-0.0862	0.005	Szabados1989 Arch.
2439877.541	-3422	-0.0804	0.0363	AAVSO
2440226.696	-3331	-0.1155	0.0483	AAVSO
2440575.791	-3240	-0.2103	0.1591	AAVSO
2440679.489	-3213	-0.1179	0.0074	Pel1976
2440737.165	-3198	-0.0006	0.0219	Harvard
2440760.517	-3192	-0.1007	0.005	Szabados1989 Arch.
2440940.645	-3145	0.1042	0.1758	AAVSO
2441051.74	-3116	-0.0803	0.0133	Pel1976
2441098.205	-3104	-0.091	0.01	Szabados1989 Arch.
2441304.927	-3050	-0.1527	0.0694	AAVSO
2442894.075	-2636	-0.0559	0.01	Szabados1989 Arch.
2444298.066	-2270	-0.0713	0.0251	Berdnikov2008
2444394.001	-2245	-0.0676	0.0018	Gieren1981
2444421.305	-2238	-0.053	0.005	Szabados1989 Arch.
2445054.013	-2073	-0.0635	0.0065	AAVSO
2445092.85	-2063	-0.0274	0.007	Walker1991 Arch.
2445430.07	-1975	-0.0572	0.0062	AAVSO
2445453.552	-1969	-0.0273	0.005	Walker1991 Arch.
2445802.283	-1878	-0.058	0.0051	AAVSO
2445829.591	-1871	-0.0392	0.002	Walker1991 Arch.
2446182.624	-1779	-0.0336	0.001	Walker1991 Arch.
2446186.031	-1778	-0.0355	0.0206	AAVSO
2446466.187	-1705	0.0004	0.0423	Harvard
2446834.52	-1609	-0.0425	0.1069	Harvard
2448032.195	-1297	-0.019	0.006	Walker1991 Arch.
2449167.587	-1001	-0.0264	0.0503	AAVSO
2449762.349	-846	-0.0383	0.0077	AAVSO
2450541.32	-643	-0.0304	0.0052	Berdnikov2008
2450890.53	-552	-0.0102	0.0027	Berdnikov2008
2451247.384	-459	-0.0209	0.0032	Berdnikov2008
2451615.773	-363	-0.0078	0.003	Berdnikov2008
2451872.885	-296	0.0076	0.0095	ASAS
2451964.945	-272	-0.0262	0.0091	Berdnikov2008
2452241.242	-200	-0.0109	0.0045	ASAS
2452317.99	-180	-0.0084	0.0016	Berdnikov2008
2452621.138	-101	-0.0038	0.0021	ASAS
2452647.985	-94	-0.017	0.0036	IOMC
2452974.157	-9	-0.0123	0.0028	ASAS
2452981.829	-7	-0.0147	0.0024	Berdnikov2008
2453004.903	-1	0.0356	0.0078	IOMC
2453354.049	90	-0.0079	0.003	ASAS
2453400.1	102	-0.0042	0.002	IOMC
2453457.574	117	-0.0886	0.0577	AAVSO
2453703.238	181	-0.0095	0.004	ASAS
2453753.161	194	0.0293	0.0044	IOMC
2454090.817	282	0.007	0.0036	ASAS
2454109.985	287	-0.0114	0.0019	IOMC
2454439.994	373	-0.0062	0.0038	ASAS
2454470.696	381	-0.0017	0.0006	IOMC
2454804.55	468	0.0112	0.0029	ASAS
2456366.309	875	0.0073	0.0084	AAVSO
2456646.467	948	0.046	0.0045	Berdnikov2015
2456799.935	988	0.0236	0.0055	AAVSO
2457333.412	1127	0.1224	0.1213	AAVSO
2457421.564	1150	0.0181	0.0053	ASASSN-V
2457682.524	1218	0.0446	0.039	AAVSO
2457770.762	1241	0.0259	0.0036	ASASSN-V
2458047.076	1313	0.0575	0.0381	AAVSO
2458119.983	1332	0.0566	0.0041	ASASSN-V
2458173.708	1346	0.06	0.0073	ASASSN-g
2458407.732	1407	0.0112	0.0389	AAVSO
2458522.881	1437	0.043	0.0032	ASASSN-g
2458872.037	1528	0.0091	0.0045	ASASSN-g
