HJD	Epoch	O-C	O-Cerr	Source
2413380.75	-8447	-1.1828	0.2403	Harvard
2413742.917	-8358	-1.0394	0.313	Harvard
2414536.2	-8163	-0.9547	0.1792	Harvard
2414902.119	-8073	-1.1264	0.0748	Harvard
2415268.439	-7983	-0.8981	0.0929	Harvard
2415618.034	-7897	-1.124	0.0864	Harvard
2415618.712	-7897	-0.9861	0.05	Szabados1989 Arch.
2416004.565	-7802	-1.0225	0.0399	Harvard
2416358.671	-7715	-0.8046	0.1092	Harvard
2416558.44	-7666	-0.8928	0.05	Szabados1989 Arch.
2416708.403	-7629	-0.8941	0.0455	Harvard
2417074.422	-7539	-0.9657	0.027	Harvard
2417180.773	-7513	-0.9152	0.05	Szabados1989 Arch.
2417428.528	-7452	-0.7488	0.0926	Harvard
2417802.755	-7360	-0.7487	0.0649	Harvard
2418030.957	-7304	-0.8769	0.05	Szabados1989 Arch.
2418152.439	-7274	-0.8852	0.0391	Harvard
2418502.256	-7188	-0.8884	0.032	Harvard
2418572.053	-7171	-0.7827	0.05	Szabados1989 Arch.
2418852.256	-7102	-0.7095	0.0265	Harvard
2419202.015	-7016	-0.7713	0.0387	Harvard
2419479.214	-6948	-0.7149	0.05	Szabados1989 Arch.
2419551.82	-6930	-0.7865	0.0269	Harvard
2419901.557	-6844	-0.8709	0.0228	Harvard
2420069.022	-6803	-0.7208	0.05	Szabados1989 Arch.
2420267.829	-6754	-0.6899	0.0505	Harvard
2420621.675	-6667	-0.7323	0.0236	Harvard
2420870.376	-6606	-0.7003	0.05	Szabados1989 Arch.
2420987.802	-6577	-0.6966	0.0313	Harvard
2421337.69	-6491	-0.6294	0.0296	Harvard
2421541.624	-6441	-0.6199	0.05	Szabados1989 Arch.
2421716.085	-6398	-0.529	0.081	Harvard
2422082.017	-6308	-0.6883	0.0376	Harvard
2422440.589	-6220	-0.6128	0.05	Szabados1989 Arch.
2422456.227	-6216	-0.7056	0.073	Harvard
2422850.838	-6119	-0.6591	0.0826	Harvard
2423200.556	-6033	-0.7617	0.0334	Harvard
2423351.842	-5996	-0.5207	0.05	Szabados1989 Arch.
2423558.929	-5945	-0.3448	0.3426	Harvard
2423912.694	-5858	-0.4685	0.2667	Harvard
2424149.199	-5800	-0.4294	0.05	Szabados1989 Arch.
2424290.955	-5765	-0.5023	0.0614	Harvard
2424644.626	-5678	-0.7196	0.0592	Harvard
2425153.064	-5553	-0.7421	0.1576	Harvard
2425320.776	-5512	-0.345	0.05	Szabados1989 Arch.
2425702.38	-5418	-0.5628	0.0378	Harvard
2426064.533	-5329	-0.4336	0.0414	Harvard
2426459.001	-5232	-0.5308	0.0566	Harvard
2426781.021	-5153	-0.3981	0.05	Szabados1989 Arch.
2426808.877	-5146	-0.4756	0.0417	Harvard
2427187.17	-5053	-0.4773	0.0785	Harvard
2427269.159	-5033	-0.382	0.05	Szabados1989 Arch.
2427545.196	-4965	-0.4069	0.1342	Harvard
2427898.979	-4878	-0.5125	0.0423	Harvard
2428248.968	-4792	-0.3444	0.0553	Harvard
2428607.129	-4704	-0.1391	0.0473	Harvard
2428997.583	-4608	-0.183	0.1381	Harvard
2429363.284	-4518	-0.5727	0.1576	Harvard
2429737.633	-4426	-0.451	0.1463	Harvard
2430087.607	-4340	-0.2971	0.0435	Harvard
2430437.495	-4254	-0.2302	0.0273	Harvard
2430791.379	-4167	-0.2345	0.0197	Harvard
2431141.176	-4081	-0.2581	0.0264	Harvard
2431527.672	-3986	-0.1918	0.051	Harvard
2431877.42	-3900	-0.265	0.0658	Harvard
2432272.086	-3803	-0.1643	0.0452	Harvard
2432621.807	-3717	-0.2638	0.0462	Harvard
2432975.668	-3630	-0.2909	0.0431	Harvard
2433358.184	-3536	-0.1376	0.0447	Harvard
2433748.708	-3440	-0.1114	0.0582	Harvard
2434098.491	-3354	-0.149	0.037	Harvard
2434488.926	-3258	-0.2112	0.0635	Harvard
2434582.464	-3235	-0.2302	0.0677	AAVSO
2434582.528	-3235	-0.1658	0.0129	Mitchell1964
2434790.528	-3184	-0.158	0.03	Szabados1989 Arch.
2434940.51	-3147	-0.1396	0.0936	AAVSO
2434940.524	-3147	-0.1261	0.0064	Mitchell1964
2435229.827	-3076	-0.1687	0.01	Szabados1989 Arch.
2437055.689	-2627	-0.1554	0.0809	AAVSO
2437055.757	-2627	-0.0879	0.0251	Mitchell1964
2437113.244	-2613	-0.0887	0.03	Szabados1989 Arch.
2437450.18	-2530	-0.2298	0.0588	AAVSO
2437450.365	-2530	-0.0455	0.0205	Mitchell1964
2437471.204	-2525	-0.0848	0.02	Szabados1989 Arch.
2438991.97	-2151	-0.092	0.0818	AAVSO
2439549.798	-2014	-0.0766	0.02	Szabados1989 Arch.
2440338.898	-1820	-0.107	0.01	Szabados1989 Arch.
2440680.055	-1736	-0.0951	0.0131	Pel1976
2440712.565	-1728	-0.1261	0.0634	Harvard
2440761.959	-1716	-0.085	0.01	Szabados1989 Arch.
2441090.849	-1635	-0.1366	0.0628	Harvard
2442233.932	-1354	-0.0728	0.0409	AAVSO
2442583.711	-1268	-0.1149	0.0939	AAVSO
2442856.824	-1201	-0.0765	0.02	Szabados1989 Arch.
2442945.792	-1179	-0.0573	0.0581	AAVSO
2444040.015	-910	-0.0412	0.0039	Moffett1984
2444361.869	-831	-0.074	0.01	Szabados1989 Arch.
2444389.825	-824	-0.0516	0.0064	Moffett1984
2444393.87	-823	-0.0742	0.006	Gieren1981
2444414.749	-818	-0.0739	0.01	Szabados1989 Arch.
2444422.402	-816	-0.0156	0.0424	Berdnikov2008
2444809.332	-721	-0.0561	0.01	Szabados1989 Arch.
2446606.704	-279	-0.0592	0.0131	Berdnikov2008
2446993.162	-184	-0.0308	0.0144	Berdnikov2008
2447021.655	-177	-0.0118	0.0775	Harvard
2447733.45	-2	-0.0618	0.0072	Berdnikov2008
2447916.518	43	-0.0396	0.0027	Hipp
2448099.561	88	-0.0421	0.0127	Berdnikov2008
2448306.985	139	-0.0698	0.0091	Hipp
2448656.843	225	-0.0325	0.0089	Hipp
2450304.195	630	-0.0921	0.0119	Berdnikov2008
2450889.973	774	-0.0601	0.0027	Berdnikov2008
2450983.577	797	-0.0133	0.0374	AAVSO
2451247.927	862	-0.0619	0.0037	Berdnikov2008
2451622.147	954	-0.0696	0.0058	Berdnikov2008
2451947.639	1034	0.0083	0.0477	ASAS
2452321.765	1126	-0.0924	0.0045	Berdnikov2008
2452439.736	1155	-0.0841	0.0064	ASAS
2452789.56	1241	-0.0814	0.0069	ASAS
2453143.409	1328	-0.1207	0.0187	ASAS
2453493.224	1414	-0.1262	0.0117	ASAS
2453566.459	1432	-0.109	0.0833	AAVSO
2453847.127	1501	-0.1111	0.011	ASAS
2454200.955	1588	-0.1715	0.0099	ASAS
2454554.866	1675	-0.1494	0.0064	ASAS
2455628.762	1939	-0.1209	0.0076	KWS
2456002.932	2031	-0.1787	0.01	KWS
2456377.162	2123	-0.1752	0.0104	KWS
2456731.079	2210	-0.1468	0.0118	KWS
2457109.332	2303	-0.1876	0.0152	KWS
2457463.21	2390	-0.1984	0.0038	ASASSN-V
2457471.341	2392	-0.2027	0.0085	KWS
2457813.01	2476	-0.2189	0.0073	ASASSN-V
2457821.13	2478	-0.2339	0.0089	KWS
2458162.802	2562	-0.2473	0.006	ASASSN-V
2458175.038	2565	-0.2143	0.0085	KWS
2458557.266	2659	-0.3489	0.0765	KWS
