HJD	Epoch	O-C	O-Cerr	Source
2415650.647	-3644	0.1244	0.0496	Harvard
2415945.04	-3614	0.1583	0.0462	Harvard
2416308.068	-3577	0.1431	0.089	Harvard
2416671.078	-3540	0.111	0.041	Harvard
2417034.186	-3503	0.1758	0.1033	Harvard
2417063.619	-3500	0.453	0.2	Szabados1991 Arch.
2417436.367	-3462	0.0665	0.2342	Harvard
2417770.058	-3428	0.1501	0.0675	Harvard
2418211.695	-3383	0.2486	0.1365	Harvard
2418555.034	-3348	0.169	0.0549	Harvard
2418849.345	-3318	0.1212	0.1125	Harvard
2419182.94	-3284	0.109	0.1118	Harvard
2419663.533	-3235	-0.0848	0.0627	Harvard
2419967.78	-3204	-0.0087	0.1036	Harvard
2420379.593	-3162	-0.2984	0.1573	Harvard
2420703.734	-3129	0.0477	0.0546	Harvard
2421037.465	-3095	0.1718	0.0973	Harvard
2421380.703	-3060	-0.0093	0.0855	Harvard
2421675.127	-3030	0.056	0.365	Harvard
2421979.326	-2999	0.0836	0.0424	Harvard
2422273.445	-2969	-0.1557	0.2029	Harvard
2422568.171	-2939	0.2108	0.0917	Harvard
2422862.221	-2909	-0.0985	0.0715	Harvard
2423264.618	-2868	0.0087	0.0658	Harvard
2423608.12	-2833	0.0912	0.103	Harvard
2423961.29	-2797	0.0306	0.0914	Harvard
2424353.486	-2757	-0.2527	0.0752	Harvard
2424727.048	-2719	0.4554	0.2334	Harvard
2425050.333	-2686	-0.0554	0.0446	Harvard
2425413.553	-2649	0.1226	0.0315	Harvard
2425796.192	-2610	0.0946	0.0297	Harvard
2426178.676	-2571	-0.0882	0.0575	Harvard
2426551.522	-2533	-0.0969	0.0384	Harvard
2426904.793	-2497	-0.0565	0.0394	Harvard
2427248.215	-2462	-0.0543	0.0745	Harvard
2427640.773	-2422	0.0259	0.0406	Harvard
2427935.082	-2392	-0.025	0.0445	Harvard
2428317.817	-2353	0.0434	0.0424	Harvard
2428601.761	-2324	-0.2794	0.2	Szabados1991 Arch.
2428729.874	-2311	-0.0024	0.037	Harvard
2429073.227	-2276	-0.0674	0.0482	Harvard
2429170.967	-2266	-0.1675	0.2	Szabados1991 Arch.
2429436.308	-2239	-0.0292	0.0311	Harvard
2429809.233	-2201	0.0409	0.0301	Harvard
2430172.251	-2164	0.0156	0.0414	Harvard
2430525.527	-2128	0.0605	0.0369	Harvard
2430584.392	-2122	0.3341	0.2	Szabados1991 Arch.
2430878.687	-2092	-0.0104	0.0396	Harvard
2430976.882	-2082	0.3454	0.2	Szabados1991 Arch.
2431231.93	-2056	0.0022	0.0317	Harvard
2431585.115	-2020	-0.0433	0.0168	Harvard
2431879.574	-1990	0.0561	0.0488	Harvard
2432173.774	-1960	-0.1029	0.0388	Harvard
2432468.332	-1930	0.0965	0.0661	Harvard
2432762.745	-1900	0.1502	0.0675	Harvard
2433096.105	-1866	-0.0965	0.0435	Harvard
2433429.767	-1832	-0.0414	0.0792	Harvard
2433831.976	-1791	-0.1233	0.1347	Harvard
2434204.963	-1753	0.0087	0.0657	Harvard
2435048.3	-1667	-0.2033	0.2	Romano1958 Arch.
2435127.3	-1659	0.3009	0.2	Romano1958 Arch.
2435362.36	-1635	-0.1263	0.2	Romano1958 Arch.
2435480.23	-1623	0.0001	0.2	Romano1958 Arch.
2435637.44	-1607	0.2186	0.2	Romano1958 Arch.
2435686.44	-1602	0.1587	0.2	Romano1958 Arch.
2435696.44	-1601	0.3468	0.2	Romano1958 Arch.
2435745.4	-1596	0.2469	0.2	Romano1958 Arch.
2436137.753	-1556	0.1212	0.2	Szabados1991 Arch.
2436490.636	-1520	-0.2266	0.2	Szabados1991 Arch.
2436490.948	-1520	-0.1944	0.0715	Harvard
2436775.677	-1491	-0.0123	0.0197	Oosterhoff1960
2436775.779	-1491	0.0888	0.012	Mitchell1964
2436804.942	-1488	0.0964	0.02	Szabados1991 Arch.
2436843.862	-1484	-0.2315	0.2	Szabados1991 Arch.
2436932.426	-1475	0.0248	0.2	Szabados1991 Arch.
2437197.343	-1448	0.0187	0.2	Szabados1991 Arch.
2437579.865	-1409	-0.1261	0.2	Szabados1991 Arch.
2437923.516	-1374	0.106	0.2	Szabados1991 Arch.
2438296.432	-1336	0.1672	0.2	Szabados1991 Arch.
2438688.932	-1296	0.1885	0.02	Szabados1991 Arch.
2440827.943	-1078	-0.089	0.1597	Harvard
2441181.02	-1042	-0.2437	0.1348	Harvard
2442250.513	-933	-0.2552	0.1078	Harvard
2442633.682	-894	0.2477	0.0849	Harvard
2442712.126	-886	0.1953	0.0277	Szabados1980
2442780.422	-879	0.0879	0.02	Szabados1991 Arch.
2443310.541	-825	0.0804	0.0736	Harvard
2443388.76	-817	0.0839	0.02	Szabados1991 Arch.
2443693.061	-786	-0.0659	0.0627	Harvard
2444105.272	-744	0.0424	0.016	Moffett1984
2444252.16	-729	0.0307	0.02	Szabados1991 Arch.
2444487.849	-705	-0.0475	0.1637	Harvard
2444821.647	-671	0.1436	0.0158	Moffett1984
2444958.635	-657	0.044	0.02	Szabados1991 Arch.
2445076.547	-645	-0.0678	0.1043	Harvard
2445125.371	-640	-0.0235	0.04	Szabados1991 Arch.
2445675.052	-584	-0.0928	0.0939	Harvard
2445969.717	-554	0.2129	0.0646	Harvard
2446263.926	-524	0.0632	0.0548	Harvard
2446587.817	-491	0.1598	0.0709	Harvard
2446607.408	-489	0.1261	0.0124	Berdnikov2008
2446999.741	-449	-0.0193	0.0725	Harvard
2447333.341	-415	-0.0261	0.1775	Harvard
2447863.548	-361	0.3346	0.0277	Hipp
2448157.84	-331	0.2674	0.0275	Hipp
2448461.884	-300	0.1408	0.0185	Hipp
2448501.064	-296	0.0722	0.0159	Berdnikov2008
2448756.028	-270	-0.0751	0.0374	Hipp
2449933.658	-150	0.1195	0.0428	Berdnikov2008
2450306.447	-112	0.0532	0.0161	Berdnikov2008
2452985.089	161	0.0281	0.0091	IOMC
2453289.313	192	0.0815	0.0143	IOMC
2453613.156	225	0.1292	0.0073	IOMC
2455202.69	387	0.124	0.0099	IOMC
2455546.118	422	0.1332	0.0091	IOMC
2455889.541	457	0.1378	0.0317	IOMC
2456262.472	495	0.2139	0.0157	KWS
2456556.815	525	0.1979	0.0129	KWS
2456860.991	556	0.2024	0.0124	KWS
2457008.088	571	0.1206	0.0082	ASASSN-V
2457223.999	593	0.1676	0.0232	KWS
2457302.488	601	0.1616	0.0065	ASASSN-V
2457322.189	603	0.2382	0.009	IOMC
2457596.876	631	0.1902	0.0096	ASASSN-V
2457606.724	632	0.2265	0.017	KWS
2457665.615	638	0.2458	0.0087	IOMC
2457891.234	661	0.1891	0.006	ASASSN-V
2457940.324	666	0.2194	0.0125	KWS
2458254.28	698	0.1924	0.01	ASASSN-V
2458303.438	703	0.2904	0.0182	IOMC
2458313.191	704	0.2317	0.0103	KWS
2458607.451	734	0.1329	0.007	ASASSN-g
2458695.789	743	0.1624	0.0238	KWS
