HJD	Epoch	O-C	O-Cerr	Source
2417740.277	-13984	-1.155	0.0886	Berdnikov1997 Arch.
2424375.503	-11329	-0.9914	0.02	Szabados1991 Arch.
2424695.458	-11201	-0.9189	0.03	Szabados1991 Arch.
2427546.928	-10060	-0.9015	0.03	Szabados1991 Arch.
2429093.957	-9441	-0.8045	0.0487	Berdnikov1997 Arch.
2429311.275	-9354	-0.9059	0.0517	Berdnikov1997 Arch.
2429453.752	-9297	-0.8772	0.0665	Berdnikov1997 Arch.
2429833.643	-9145	-0.8467	0.0309	Berdnikov1997 Arch.
2432975.235	-7888	-0.6006	0.03	Szabados1991 Arch.
2433092.193	-7841	-0.6128	0.0163	AAVSO
2436099.447	-6638	-0.2411	0.03	Szabados1991 Arch.
2437131.18	-6225	-0.1428	0.0345	AAVSO
2437176.62	-6207	-0.1724	0.02	Szabados1991 Arch.
2437579.011	-6046	-0.1336	0.02	Szabados1991 Arch.
2438496.161	-5679	-0.1467	0.02	Szabados1991 Arch.
2438871.042	-5529	-0.128	0.02	Szabados1991 Arch.
2438905.789	-5515	0.1182	0.0958	AAVSO
2440185.742	-5003	0.0548	0.05	Szabados1991 Arch.
2441297.846	-4558	0.0673	0.03	Szabados1991 Arch.
2441467.327	-4490	0.097	0.0136	Szabados1977
2441737.718	-4382	0.1009	0.02	Szabados1991 Arch.
2441859.703	-4333	0.1171	0.0096	Szabados1977
2442239.492	-4181	0.0453	0.0386	AAVSO
2443044.725	-3859	0.088	0.03	Szabados1991 Arch.
2443289.145	-3761	0.084	0.003	Moffett1984
2443349.113	-3737	0.074	0.0104	Szabados1991
2443379.606	-3725	0.092	0.02	Szabados1991 Arch.
2443399.611	-3717	0.1044	0.02	Szabados1991 Arch.
2443641.498	-3620	0.0667	0.0062	Moffett1984
2443711.422	-3592	0.0165	0.0408	AAVSO
2443713.925	-3591	0.02	0.0359	Szabados1991
2443754.468	-3575	0.0917	0.03	Szabados1991 Arch.
2443871.925	-3528	0.0919	0.02	Szabados1991 Arch.
2444003.877	-3475	0.0784	0.0062	Moffett1984
2444079.392	-3445	0.1347	0.0141	Berdnikov1997 Arch.
2444106.308	-3434	0.0476	0.0152	Szabados1991
2444149.328	-3417	0.0968	0.02	Szabados1991 Arch.
2444534.159	-3263	0.0692	0.05	Szabados1991 Arch.
2444684.129	-3203	0.0942	0.03	Szabados1991 Arch.
2444869.031	-3129	0.0642	0.03	Szabados1991 Arch.
2445646.256	-2818	0.0747	0.02	Szabados1991 Arch.
2446341.053	-2540	0.1269	0.05	Szabados1991 Arch.
2446612.964	-2431	0.1239	0.0195	Berdnikov2008
2446995.376	-2278	0.1772	0.0418	Berdnikov2008
2447343.284	-2139	0.226	0.02	Szabados1991 Arch.
2447397.723	-2117	0.1711	0.0094	Berdnikov2008
2448099.978	-1836	0.1845	0.0125	Berdnikov2008
2448502.381	-1675	0.2357	0.0077	Berdnikov2008
2448854.828	-1534	0.3121	0.0099	Berdnikov2008
2449616.958	-1229	0.2221	0.0315	Berdnikov2008
2449622.518	-1227	0.2976	0.0209	Berdnikov1997 Arch.
2449931.942	-1103	0.3214	0.0189	Berdnikov2008
2449962.514	-1091	0.4184	0.0254	Berdnikov1997 Arch.
2449966.948	-1089	0.3398	0.0058	Kiss1998
2450274.333	-966	0.3381	0.0054	Kiss1998
2450304.341	-954	0.3574	0.008	Berdnikov2008
2450406.915	-913	0.4688	0.0557	AAVSO
2450706.777	-793	0.4407	0.0642	AAVSO
2451006.625	-673	0.3986	0.0433	AAVSO
2451091.59	-639	0.3957	0.0053	Oja2011
2451308.981	-552	0.3664	0.0507	AAVSO
2451391.496	-519	0.4115	0.0028	Oja2011
2451684.004	-402	0.5268	0.0883	AAVSO
2452731.16	17	0.5178	0.0056	SMEI
2452756.19	27	0.5566	0.0129	SMEI
2452781.187	37	0.5625	0.0096	SMEI
2452916.136	91	0.5611	0.0048	SMEI
2452941.112	101	0.5471	0.0077	SMEI
2452966.131	111	0.5751	0.0038	SMEI
2452991.157	121	0.6099	0.0787	SMEI
2453093.609	162	0.5998	0.012	SMEI
2453118.614	172	0.6142	0.0064	SMEI
2453143.597	182	0.6065	0.0056	SMEI
2453281.074	237	0.6339	0.0077	SMEI
2453306.052	247	0.6209	0.0037	SMEI
2453331.043	257	0.6204	0.0041	SMEI
2453461.003	309	0.6282	0.0065	SMEI
2453486.004	319	0.6391	0.0064	SMEI
2453553.502	346	0.7116	0.081	AAVSO
2453648.414	384	0.6082	0.0059	SMEI
2453673.435	394	0.6387	0.0046	SMEI
2453698.423	404	0.6353	0.0042	SMEI
2453860.896	469	0.6686	0.0075	SMEI
2453885.836	479	0.6173	0.0103	SMEI
2453885.921	479	0.7524	0.0498	AAVSO
2453910.857	489	0.6476	0.0067	SMEI
2453935.851	499	0.6509	0.0074	SMEI
2453960.835	509	0.6443	0.0039	SMEI
2453985.822	519	0.6407	0.005	SMEI
2454010.807	529	0.6348	0.0064	SMEI
2454035.808	539	0.6452	0.0038	SMEI
2454060.822	549	0.6679	0.0053	SMEI
2454185.791	599	0.7332	0.0517	AAVSO
2454190.786	601	0.6799	0.011	SMEI
2454215.746	611	0.6492	0.0106	SMEI
2454240.717	621	0.6293	0.0181	SMEI
2454258.227	628	0.6955	0.0046	Kelt
2454278.281	636	0.7067	0.0086	SMEI
2454303.253	646	0.6879	0.0075	SMEI
2454328.236	656	0.6803	0.0056	SMEI
2454353.193	666	0.6465	0.0102	SMEI
2454378.234	676	0.6966	0.0089	SMEI
2454403.187	686	0.6591	0.005	SMEI
2454428.231	696	0.7119	0.007	SMEI
2454490.693	721	0.7464	0.0369	AAVSO
2454555.648	747	0.6759	0.0073	SMEI
2454580.621	757	0.7079	0.0074	Kelt
2454580.64	757	0.677	0.0071	SMEI
2454605.684	767	0.7296	0.015	SMEI
2454630.67	777	0.725	0.0089	SMEI
2454655.655	787	0.719	0.0047	SMEI
2454680.655	797	0.7281	0.0079	SMEI
2454705.641	807	0.7234	0.0028	SMEI
2454725.644	815	0.7842	0.0049	Kelt
2454730.639	817	0.731	0.0054	SMEI
2454755.599	827	0.7005	0.0032	SMEI
2454780.594	837	0.7039	0.0058	SMEI
2454790.565	841	0.7286	0.0392	AAVSO
2454805.555	847	0.6749	0.0118	SMEI
2454920.556	893	0.7177	0.0089	SMEI
2454945.525	903	0.6953	0.0095	SMEI
2454970.55	913	0.7303	0.0233	SMEI
2454995.545	923	0.7338	0.0105	SMEI
2455020.527	933	0.7257	0.0093	SMEI
2455045.524	943	0.7317	0.0068	SMEI
2455070.524	953	0.7409	0.003	SMEI
2455090.478	961	0.7523	0.0442	AAVSO
2455095.512	963	0.7376	0.0051	SMEI
2455120.481	973	0.7157	0.004	SMEI
2455145.468	983	0.7126	0.0066	SMEI
2455170.486	993	0.7398	0.0083	SMEI
2455285.455	1039	0.7504	0.0106	SMEI
2455310.474	1049	0.7787	0.0114	SMEI
2455335.433	1059	0.7469	0.0147	SMEI
2455360.444	1069	0.7671	0.0106	SMEI
2455385.41	1079	0.7424	0.0042	SMEI
2455390.481	1081	0.8654	0.0363	AAVSO
2455410.384	1089	0.7257	0.008	SMEI
2455435.396	1099	0.7473	0.0046	SMEI
2455460.408	1109	0.7683	0.005	SMEI
2455485.357	1119	0.7262	0.0053	SMEI
2455510.396	1129	0.7748	0.0065	SMEI
2455535.367	1139	0.7547	0.0133	SMEI
2455650.275	1185	0.7047	0.013	SMEI
2455675.302	1195	0.7413	0.0092	SMEI
2455700.323	1205	0.7714	0.0186	SMEI
2455712.75	1210	0.7527	0.0353	AAVSO
2455725.331	1215	0.7884	0.0188	SMEI
2455740.26	1221	0.7731	0.01	KWS
2455750.303	1225	0.769	0.0083	SMEI
2455775.266	1235	0.742	0.0086	SMEI
2455800.261	1245	0.7457	0.0033	SMEI
2455825.286	1255	0.7799	0.005	SMEI
2456080.141	1357	0.7786	0.0118	KWS
2456092.672	1362	0.8145	0.044	AAVSO
2456429.973	1497	0.739	0.0338	AAVSO
2456480.029	1517	0.8137	0.0088	KWS
2456819.95	1653	0.8591	0.0208	KWS
2456824.824	1655	0.7356	0.0314	AAVSO
2457099.836	1765	0.8479	0.0113	ASASSN-V
2457177.3	1796	0.8404	0.0058	KWS
2457182.235	1798	0.777	0.0549	AAVSO
2457462.233	1910	0.8778	0.0103	ASASSN-V
2457587.171	1960	0.8626	0.0084	KWS
2457827.125	2056	0.9044	0.0084	ASASSN-V
2457877.043	2076	0.8402	0.083	AAVSO
2457907.082	2088	0.8902	0.0042	KWS
2458206.998	2208	0.9164	0.0149	ASASSN-V
2458219.463	2213	0.8863	0.0148	ASASSN-g
2458281.983	2238	0.9291	0.0129	KWS
2458569.369	2353	0.9212	0.0101	ASASSN-g
2458654.271	2387	0.8539	0.0403	AAVSO
2458671.841	2394	0.931	0.0081	KWS
2458709.348	2409	0.951	0.0	TESS
2458719.36	2413	0.9666	0.0008	TESS
2458729.344	2417	0.9545	0.0002	TESS
2458929.375	2497	1.0595	0.0598	ASASSN-g
