HJD	Epoch	O-C	O-Cerr	Source
2411806.494	-814	11.7029	0.4383	AAVSO
2412090.845	-806	11.6423	0.4985	AAVSO
2412374.19	-798	10.5766	0.33	AAVSO
2412659.613	-790	11.589	0.6034	AAVSO
2412942.766	-782	10.3317	0.552	AAVSO
2413226.643	-774	9.7977	0.4401	AAVSO
2413511.126	-766	9.8701	0.3766	AAVSO
2413795.966	-758	10.2989	1.266	AAVSO
2414505.33	-738	8.6369	0.6118	AAVSO
2414788.945	-730	7.8413	0.8106	AAVSO
2415110.112	-721	9.0457	0.7078	AAVSO
2415394.441	-713	8.9642	0.3483	AAVSO
2415678.532	-705	8.6444	0.587	AAVSO
2415963.992	-697	9.694	0.5769	AAVSO
2416247.637	-689	8.9279	0.9282	AAVSO
2416568.145	-680	9.4736	0.3094	AAVSO
2416888.379	-671	9.7462	0.3661	AAVSO
2417172.782	-663	9.7378	0.9677	AAVSO
2417633.546	-650	8.3346	0.3186	AAVSO
2417919.002	-642	9.3795	0.8037	AAVSO
2418238.366	-633	8.7815	0.3026	AAVSO
2418593.922	-623	8.8241	0.5222	AAVSO
2418877.635	-615	8.1271	0.4517	AAVSO
2419162.324	-607	8.4045	0.6961	AAVSO
2419446.265	-599	7.9349	0.2701	AAVSO
2419730.881	-591	8.1409	0.735	AAVSO
2420263.667	-576	7.6565	0.2041	AAVSO
2421576.141	-539	4.7303	2.1822	AAVSO
2421862.485	-531	6.6635	1.0265	AAVSO
2422144.427	-523	4.1956	1.0554	AAVSO
2422429.831	-515	5.1881	0.7467	AAVSO
2422713.817	-507	4.764	0.4062	AAVSO
2422998.563	-499	5.0988	0.327	AAVSO
2423283.062	-491	5.1874	0.447	AAVSO
2423567.432	-483	5.1466	0.3182	AAVSO
2423852.143	-475	5.4468	0.3283	AAVSO
2424136.532	-467	5.4255	0.2622	AAVSO
2424491.495	-457	4.8746	0.6364	AAVSO
2426090.051	-412	3.6203	1.8745	AAVSO
2426374.379	-404	3.5379	0.5273	AAVSO
2426658.348	-396	3.0958	0.545	AAVSO
2426943.13	-388	3.4673	1.0444	AAVSO
2427511.328	-372	2.8439	1.0115	AAVSO
2427795.399	-364	2.5043	0.4646	AAVSO
2428080.77	-356	3.4645	0.3721	AAVSO
2428364.391	-348	2.675	0.3997	AAVSO
2428649.042	-340	2.9148	0.2732	AAVSO
2428933.15	-332	2.6121	0.2513	AAVSO
2429217.264	-324	2.3158	0.2349	AAVSO
2429501.339	-316	1.9801	0.3553	AAVSO
2429785.831	-308	2.0609	0.3621	AAVSO
2430070.439	-300	2.2585	0.2609	AAVSO
2430354.371	-292	1.7798	0.377	AAVSO
2430639.21	-284	2.2074	0.3136	AAVSO
2430924.021	-276	2.6081	0.5054	AAVSO
2431207.819	-268	1.9954	0.5056	AAVSO
2431493.053	-260	2.8182	0.3722	AAVSO
2431776.633	-252	1.9876	0.4106	AAVSO
2432061.201	-244	2.1451	0.5582	AAVSO
2432345.569	-236	2.1027	0.4624	AAVSO
2432629.976	-228	2.0986	0.4442	AAVSO
2432914.631	-220	2.3426	0.2957	AAVSO
2433199.622	-212	2.9228	0.4657	AAVSO
2433482.444	-204	1.3343	1.1599	AAVSO
2433732.104	-197	2.1348	0.1638	Mitchell1964
2433767.454	-196	1.9339	0.4013	AAVSO
2433807.235	-195	1.9663	0.03	Szabados1989 Arch.
2434052.439	-188	2.5076	0.3643	AAVSO
2434336.044	-180	1.702	0.633	AAVSO
2434442.475	-177	1.4789	0.1008	Mitchell1964
2434620.371	-172	1.6188	0.4923	AAVSO
2434766.489	-168	1.3341	0.03	Szabados1989 Arch.
2434797.924	-167	1.4153	0.0682	Mitchell1964
2434904.109	-164	0.9458	0.7907	AAVSO
2435153.153	-157	1.1307	0.0995	Mitchell1964
2435188.749	-156	1.1753	0.7938	AAVSO
2435228.242	-155	0.9197	0.03	Szabados1989 Arch.
2435263.849	-154	0.9754	0.05	Szabados1989 Arch.
2435473.775	-148	1.7903	0.761	AAVSO
2435614.852	-144	0.6619	0.1975	Mitchell1964
2435792.612	-139	0.6652	0.0951	Gaposchkin1958
2436040.925	-132	0.1185	0.4985	AAVSO
2436325.104	-124	-0.1125	0.7034	AAVSO
2436610.687	-116	1.0591	0.1769	AAVSO
2436895.156	-108	1.1182	0.158	AAVSO
2437179.329	-100	0.8804	0.1264	AAVSO
2437462.949	-92	0.0897	0.2492	AAVSO
2437747.519	-84	0.249	0.4316	AAVSO
2437751.037	-84	-0.4305	0.03	Szabados1989 Arch.
2438032.344	-76	0.6628	0.375	AAVSO
2438066.356	-75	-0.8762	0.2128	Feinstein1969
2438141.594	-73	-0.9383	0.05	Szabados1989 Arch.
2438316.013	-68	-0.079	0.3234	AAVSO
2438421.208	-65	-1.5384	0.1105	Feinstein1969
2438461.577	-64	-0.9173	0.05	Szabados1989 Arch.
2438600.268	-60	-0.2349	0.247	AAVSO
2438776.767	-55	-1.4923	0.0827	Feinstein1969
2438852.4	-53	-1.1591	0.05	Szabados1989 Arch.
2438884.549	-52	-0.3648	0.282	AAVSO
2439061.568	-47	-1.1016	0.1248	Feinstein1969
2439168.913	-44	-0.4106	0.2231	AAVSO
2439453.084	-36	-0.6513	0.2579	AAVSO
2439523.466	-34	-1.3718	0.0505	Landolt1971
2439523.665	-34	-1.172	0.1758	Feinstein1969
2439563.259	-33	-1.3269	0.02	Szabados1989 Arch.
2439563.437	-33	-1.1489	0.02	Szabados1989 Arch.
2439737.148	-28	-0.9972	0.3329	AAVSO
2440022.141	-20	-0.4153	0.4144	AAVSO
2440306.228	-12	-0.7388	0.5529	AAVSO
2440590.343	-4	-1.0349	1.4037	AAVSO
2440629.547	-3	-1.5791	0.03	Szabados1989 Arch.
2440660.602	-2	-1.8781	0.0579	Pel1976
2440736.226	0	-1.5542	0.02	Szabados1989 Arch.
2440875.263	4	-0.5253	0.5901	AAVSO
2441123.954	11	-0.6934	0.2119	Pel1976
2441127.387	11	-1.4579	0.03	Szabados1989 Arch.
2441157.976	12	-2.2237	0.5652	AAVSO
2441443.224	20	-1.3859	0.6132	AAVSO
2441727.29	28	-1.7308	1.1626	AAVSO
2441731.656	28	-1.5617	0.02	Szabados1989 Arch.
2441838.299	31	-1.5727	0.02	Szabados1989 Arch.
2442012.521	36	-0.9105	1.0855	AAVSO
2442402.418	47	-2.078	0.8514	AAVSO
2442549.3	51	-1.5986	0.03	Szabados1989 Arch.
2442971.794	63	-1.5238	0.4577	AAVSO
2443189.3	69	-1.5227	0.02	Szabados1989 Arch.
2443256.806	71	-0.9226	1.155	AAVSO
2443540.682	79	-1.4569	1.0296	AAVSO
2443824.722	87	-1.8275	0.3856	AAVSO
2444181.028	97	-1.0352	0.749	AAVSO
2444464.869	105	-1.6048	0.4344	AAVSO
2444748.317	113	-2.5673	0.3091	AAVSO
2445033.092	121	-2.2032	0.5063	AAVSO
2445317.265	129	-2.4409	0.3768	AAVSO
2445602.41	137	-1.7064	0.3528	AAVSO
2445886.482	145	-2.0455	0.3809	AAVSO
2446171.288	153	-1.6502	0.7269	AAVSO
2446454.662	161	-2.687	0.557	AAVSO
2446739.344	169	-2.416	0.4817	AAVSO
2447023.881	177	-2.2896	0.3642	AAVSO
2447308.256	185	-2.3251	0.3069	AAVSO
2447592.307	193	-2.6848	0.5647	AAVSO
2447841.03	200	-2.8217	0.0242	Hipp
2447876.781	201	-2.6214	0.3312	AAVSO
2448125.473	208	-2.7892	0.026	Hipp
2448161.659	209	-2.154	0.2619	AAVSO
2448409.794	216	-2.8785	0.0401	Hipp
2448446.163	217	-2.0614	0.4449	AAVSO
2448695.446	224	-1.6378	0.0454	Hipp
2448730.511	225	-2.1239	0.8773	AAVSO
2449014.878	233	-2.1671	0.3354	AAVSO
2449015.279	233	-1.7661	0.0614	Hipp
2449299.27	241	-2.1862	0.2452	AAVSO
2449583.543	249	-2.3241	0.2611	AAVSO
2449867.522	257	-2.7561	0.3949	AAVSO
2450151.912	265	-2.7764	0.4028	AAVSO
2450436.211	273	-2.8886	0.285	AAVSO
2450507.78	275	-2.4216	0.1152	Berdnikov2008
2450720.912	281	-2.5977	0.358	AAVSO
2450863.153	285	-2.5625	0.0494	Berdnikov2008
2451005.624	289	-2.2967	0.483	AAVSO
2451219.134	295	-2.0951	0.0555	Berdnikov2008
2451290.481	297	-1.8499	0.2731	AAVSO
2451574.283	305	-2.4586	0.3068	AAVSO
2451610.058	306	-2.2356	0.0629	Berdnikov2008
2451858.656	313	-2.4966	0.441	AAVSO
2451929.901	315	-2.3544	0.0701	Berdnikov2008
2452178.523	322	-2.5914	0.4562	AAVSO
2452285.671	325	-2.0977	0.0336	Berdnikov2008
2452463.624	330	-1.9013	0.5672	AAVSO
2452605.572	334	-2.159	0.2003	Berdnikov2008
2452641.403	335	-1.8789	0.0241	SMEI
2452926.065	343	-1.6284	0.0219	SMEI
2452961.194	344	-2.0499	0.0315	Berdnikov2008
2453281.621	353	-1.5852	0.0226	SMEI
2453352.705	355	-1.6039	0.0966	ASAS
2453637.091	363	-1.6293	0.0846	ASAS
2453850.788	369	-1.2397	0.0189	SMEI
2453921.427	371	-1.7032	0.1824	ASAS
2454135.074	377	-1.3646	0.0275	SMEI
2454205.89	379	-1.6515	0.1639	ASAS
2454419.52	385	-1.329	0.0206	SMEI
2454490.325	387	-1.6269	0.1172	ASAS
2454739.68	394	-1.1318	0.0196	SMEI
2455024.312	402	-0.9103	0.0202	SMEI
2455308.613	410	-1.0204	0.0234	SMEI
2455593.166	418	-0.8779	0.0321	SMEI
2457406.323	469	-0.8394	0.0721	ASASSN-V
2457690.699	477	-0.8738	0.0345	ASASSN-V
2458010.779	486	-0.7561	0.0257	ASASSN-V
