HJD	Epoch	O-C	O-Cerr	Source
2411410.266	-4626	0.3436	0.179	Harvard
2413625.373	-4346	0.054	0.1886	Harvard
2414582.715	-4225	0.0279	0.1975	Harvard
2414962.449	-4177	-0.0207	0.0586	Harvard
2415310.545	-4133	-0.0586	0.0485	Harvard
2415658.702	-4089	-0.0353	0.031	Harvard
2416030.608	-4042	0.0004	0.0329	Harvard
2416378.741	-3998	-0.0005	0.0192	Harvard
2416726.891	-3954	0.0158	0.0242	Harvard
2417075.0	-3910	-0.0096	0.0214	Harvard
2417446.951	-3863	0.0713	0.0476	Harvard
2417842.388	-3813	-0.0984	0.0482	Harvard
2418190.654	-3769	0.0343	0.0253	Harvard
2418546.623	-3724	-0.0428	0.0331	Harvard
2418894.773	-3680	-0.0271	0.0401	Harvard
2419290.366	-3630	-0.041	0.0268	Harvard
2419441.807	-3611	-0.0778	0.05	Szabados1980 Arch.
2419638.636	-3586	0.0953	0.0424	Harvard
2419994.578	-3541	-0.0081	0.0361	Harvard
2420359.763	-3495	0.0708	0.08	Szabados1980 Arch.
2420366.444	-3494	-0.0128	0.0265	Harvard
2420722.512	-3449	0.0091	0.0344	Harvard
2421110.13	-3400	-0.0676	0.0292	Harvard
2421458.298	-3356	-0.0329	0.0479	Harvard
2421806.45	-3312	-0.0145	0.0345	Harvard
2422154.569	-3268	-0.0298	0.0286	Harvard
2422456.523	-3230	0.1155	0.08	Szabados1980 Arch.
2422526.376	-3221	-0.0929	0.0338	Harvard
2422638.293	-3207	-0.0935	0.05	Szabados1980 Arch.
2422906.137	-3173	-0.1143	0.032	Harvard
2422970.715	-3165	0.0189	0.08	Szabados1980 Arch.
2423309.719	-3122	-0.0512	0.0406	Harvard
2423311.08	-3122	0.1622	0.05	Szabados1980 Arch.
2423657.851	-3078	-0.0529	0.0358	Harvard
2424013.852	-3033	-0.0976	0.0349	Harvard
2424054.759	-3028	0.1007	0.05	Szabados1980 Arch.
2424361.94	-2989	-0.1434	0.0392	Harvard
2424394.871	-2985	-0.0091	0.05	Szabados1980 Arch.
2424733.876	-2942	-0.0783	0.0339	Harvard
2424774.677	-2937	0.0146	0.05	Szabados1980 Arch.
2425089.928	-2897	-0.0716	0.0265	Harvard
2425138.644	-2891	0.0234	0.05	Szabados1980 Arch.
2425431.419	-2854	0.0495	0.05	Szabados1980 Arch.
2425438.133	-2853	-0.0008	0.0302	Harvard
2425825.807	-2804	-0.021	0.0337	Harvard
2425874.434	-2798	-0.0149	0.05	Szabados1980 Arch.
2426197.545	-2757	-0.1533	0.0246	Harvard
2426198.881	-2757	0.0346	0.05	Szabados1980 Arch.
2426569.365	-2710	-0.2041	0.0366	Harvard
2426917.617	-2666	-0.0854	0.0361	Harvard
2426926.719	-2665	-0.0436	0.05	Szabados1980 Arch.
2427124.574	-2640	0.0081	0.08	Szabados1980 Arch.
2427289.44	-2619	-0.1334	0.0496	Harvard
2427290.599	-2619	-0.1217	0.05	Szabados1980 Arch.
2427653.561	-2573	0.0301	0.0388	Harvard
2427899.933	-2542	-0.022	0.08	Szabados1980 Arch.
2428009.312	-2528	-0.2649	0.0268	Harvard
2428184.795	-2506	0.0032	0.05	Szabados1980 Arch.
2428389.236	-2480	-0.1233	0.0272	Harvard
2428524.867	-2463	-0.1465	0.05	Szabados1980 Arch.
2428580.028	-2456	-0.3704	0.08	Szabados1980 Arch.
2428737.351	-2436	-0.1422	0.0313	Harvard
2429117.173	-2388	-0.1031	0.032	Harvard
2429489.038	-2341	-0.1084	0.0188	Harvard
2429845.14	-2296	-0.0515	0.0217	Harvard
2430208.97	-2250	-0.1798	0.0252	Harvard
2430572.964	-2204	-0.1441	0.0228	Harvard
2430936.997	-2158	-0.0697	0.03	Harvard
2431285.119	-2114	-0.0813	0.0279	Harvard
2431672.659	-2065	-0.2353	0.0275	Harvard
2432020.904	-2021	-0.1246	0.02	Harvard
2432392.781	-1974	-0.1177	0.0331	Harvard
2432788.228	-1924	-0.3579	0.0411	Mitchell1964
2432788.301	-1924	-0.2043	0.0646	Harvard
2432788.32	-1924	-0.265	0.0535	AAVSO
2432947.647	-1904	-0.2488	0.02	Szabados1980 Arch.
2433136.455	-1880	-0.1842	0.0235	Harvard
2433152.132	-1878	-0.4114	0.0851	Eggen1951
2433152.293	-1878	-0.2509	0.0403	Mitchell1964
2433500.45	-1834	-0.1474	0.0168	Harvard
2433872.403	-1787	-0.0643	0.0426	Harvard
2434267.895	-1737	-0.1798	0.0632	Harvard
2434663.48	-1687	-0.2009	0.0523	Harvard
2435795.998	-1544	-0.2657	0.03	Szabados1980 Arch.
2436792.001	-1418	-0.1235	0.0139	Mitchell1964
2436823.568	-1414	-0.2054	0.0204	Bahner1962
2436824.745	-1414	-0.096	0.03	Szabados1980 Arch.
2436903.754	-1404	-0.2083	0.02	Szabados1980 Arch.
2437251.794	-1360	-0.3022	0.05	Szabados1980 Arch.
2437963.959	-1270	-0.2292	0.05	Szabados1980 Arch.
2438739.388	-1172	-0.1892	0.05	Szabados1980 Arch.
2439040.043	-1134	-0.1952	0.02	Szabados1980 Arch.
2440558.009	-942	-0.2107	0.1616	Harvard
2440922.189	-896	0.011	0.0657	Harvard
2442330.247	-718	-0.291	0.1411	Harvard
2442362.157	-714	-0.109	0.0119	Szabados1981
2442710.18	-670	-0.1401	0.0748	Harvard
2442749.762	-665	-0.1993	0.0429	Szabados1981
2442766.639	-663	-0.2139	0.02	Szabados1980 Arch.
2443074.093	-624	-0.1853	0.0805	Harvard
2443216.615	-606	-0.1614	0.0185	Szabados1981
2443430.067	-579	-0.2569	0.1786	Harvard
2443786.107	-534	-0.263	0.155	Harvard
2444197.672	-482	-0.2096	0.0543	AAVSO
2444514.179	-442	-0.1071	0.1072	Harvard
2444545.784	-438	-0.2309	0.0451	AAVSO
2444553.856	-437	-0.0713	0.0168	Moffett1984
2444893.946	-394	-0.203	0.0454	AAVSO
2444901.982	-393	-0.0794	0.0048	Moffett1984
2444909.737	-392	-0.1562	0.0451	Harvard
2445249.954	-349	-0.241	0.0424	AAVSO
2445257.803	-348	-0.2236	0.0727	Harvard
2445606.058	-304	-0.103	0.035	Harvard
2445606.089	-304	-0.1522	0.0428	AAVSO
2445954.309	-260	-0.0656	0.0243	AAVSO
2445962.046	-259	-0.1612	0.0843	Harvard
2446302.489	-216	-0.0194	0.0314	AAVSO
2446318.034	-214	-0.2185	0.0423	Harvard
2446666.364	-170	-0.1032	0.0299	AAVSO
2446674.095	-169	-0.2043	0.0291	Harvard
2447014.52	-126	-0.0809	0.0282	AAVSO
2447030.137	-124	-0.2082	0.0433	Harvard
2447378.194	-80	-0.2843	0.0385	Harvard
2447410.056	-76	-0.1508	0.0313	AAVSO
2447758.28	-32	-0.0615	0.035	AAVSO
2447916.457	-12	-0.1264	0.0037	Hipp
2448106.386	12	-0.0885	0.0286	AAVSO
2448264.599	32	-0.1187	0.008	Hipp
2448478.191	59	-0.1547	0.0332	AAVSO
2448652.274	81	-0.1381	0.0155	Hipp
2448826.264	103	-0.2149	0.0651	AAVSO
2449182.51	148	-0.0153	0.0612	AAVSO
2449577.951	198	-0.181	0.039	AAVSO
2449933.997	243	-0.1811	0.0511	AAVSO
2449941.754	244	-0.3355	0.0181	Berdnikov2008
2450282.167	287	-0.145	0.033	AAVSO
2450321.726	292	-0.1459	0.0078	Berdnikov2008
2450630.344	331	-0.1017	0.0378	AAVSO
2450994.29	377	-0.1137	0.0367	AAVSO
2451366.052	424	-0.2221	0.0578	AAVSO
2451730.073	470	-0.159	0.0478	AAVSO
2452078.097	514	-0.2684	0.0652	AAVSO
2452544.994	573	-0.1872	0.1847	AAVSO
2454032.494	761	-0.1685	0.03	AAVSO
2454380.647	805	-0.1498	0.0448	AAVSO
2454728.707	849	-0.2233	0.0965	AAVSO
2455875.951	994	-0.2384	0.1157	AAVSO
2456176.712	1032	-0.139	0.007	KWS
2456524.818	1076	-0.1663	0.0053	KWS
2456904.633	1124	-0.1337	0.0056	KWS
2457118.364	1151	-0.0306	0.1655	AAVSO
2457221.054	1164	-0.1987	0.0115	ASASSN-V
2457260.667	1169	-0.146	0.0063	KWS
2457600.908	1212	-0.127	0.0148	ASASSN-V
2457624.597	1215	-0.1735	0.0079	KWS
2457861.817	1245	-0.3175	0.0597	AAVSO
2457956.977	1257	-0.1034	0.0103	ASASSN-V
2458004.408	1263	-0.1454	0.0058	KWS
2458313.024	1302	-0.1028	0.019	ASASSN-V
2458400.013	1313	-0.1473	0.0054	KWS
2458676.855	1348	-0.2294	0.0116	ASASSN-g
2458748.141	1357	-0.1525	0.0053	KWS
2458803.895	1364	0.216	0.1519	Piszkes
2459040.921	1394	-0.1215	0.0132	ASASSN-g
2459096.307	1401	-0.1207	0.0095	KWS
