HJD	Epoch	O-C	O-Cerr	Source
2423742.991	-1719	-0.3463	0.1	Szabados1991 Arch.
2425613.245	-1583	-0.7413	0.1	Szabados1991 Arch.
2425805.92	-1569	-0.6331	0.1	Szabados1991 Arch.
2426466.209	-1521	-0.5732	0.1	Szabados1991 Arch.
2426521.173	-1517	-0.6283	0.1	Szabados1991 Arch.
2427662.8	-1434	-0.6473	0.1	Szabados1991 Arch.
2428089.378	-1403	-0.4673	0.1	Szabados1991 Arch.
2428584.5	-1367	-0.5171	0.1	Szabados1991 Arch.
2429519.731	-1299	-0.6106	0.1	Szabados1991 Arch.
2429835.963	-1276	-0.7383	0.1	Szabados1991 Arch.
2430564.956	-1223	-0.7482	0.1	Szabados1991 Arch.
2431527.765	-1153	-0.7733	0.1	Szabados1991 Arch.
2432449.337	-1086	-0.771	0.1	Szabados1991 Arch.
2433082.568	-1040	-0.7091	0.0367	AAVSO
2433109.654	-1038	-0.683	0.02	Szabados1991 Arch.
2433494.741	-1010	-0.7297	0.01	Szabados1991 Arch.
2434416.368	-943	-0.6724	0.1	Szabados1991 Arch.
2434980.714	-902	-0.722	0.0422	AAVSO
2435282.936	-880	-0.655	0.04	Szabados1991 Arch.
2435502.954	-864	-0.7134	0.1	Szabados1991 Arch.
2435558.014	-860	-0.6725	0.02	Szabados1991 Arch.
2435640.846	-854	-0.819	0.0624	AAVSO
2436218.152	-812	-0.7635	0.06	Szabados1991 Arch.
2437085.197	-749	-0.7192	0.0215	AAVSO
2437208.525	-740	-0.7341	0.04	Szabados1991 Arch.
2437469.787	-721	-0.8128	0.06	Szabados1991 Arch.
2437937.601	-687	-0.661	0.06	Szabados1991 Arch.
2440056.161	-533	-0.7864	0.0795	AAVSO
2440413.494	-507	-0.627	0.04	Szabados1991 Arch.
2440496.38	-501	-0.7199	0.0414	AAVSO
2440744.147	-483	-0.5386	0.0599	Pel1976
2440867.193	-474	-0.8355	0.06	Szabados1991 Arch.
2440867.331	-474	-0.6975	0.02	Szabados1991 Arch.
2441115.337	-456	-0.7272	0.0482	AAVSO
2441266.313	-445	-0.6038	0.04	Szabados1991 Arch.
2441500.0	-428	-0.748	0.1	Szabados1991 Arch.
2441555.613	-424	-0.6045	0.0401	AAVSO
2441912.777	-398	-0.6141	0.02	Szabados1991 Arch.
2441995.674	-392	-0.6962	0.0279	AAVSO
2442490.887	-356	-0.6549	0.0292	AAVSO
2442916.67	-325	-0.8195	0.03	Szabados1991 Arch.
2442931.066	-324	-0.6286	0.0242	AAVSO
2443288.629	-298	-0.6894	0.0199	Moffett1984
2443371.125	-292	-0.7222	0.0224	AAVSO
2443646.281	-272	-0.6619	0.028	Szabados1981
2443728.774	-266	-0.6969	0.0188	Moffett1984
2443810.884	-260	-0.6657	0.02	Szabados1991 Arch.
2443811.394	-260	-0.6055	0.0198	AAVSO
2444251.563	-228	-0.5898	0.0188	AAVSO
2444389.054	-218	-0.6462	0.0083	Coulson1985
2444691.711	-196	-0.5937	0.0208	AAVSO
2445131.771	-164	-0.6863	0.0176	AAVSO
2445503.187	-137	-0.65	0.0107	Berdnikov2008
2445571.996	-132	-0.6149	0.0215	AAVSO
2446012.155	-100	-0.6082	0.0182	AAVSO
2446452.241	-68	-0.6747	0.0259	AAVSO
2446892.466	-36	-0.603	0.0247	AAVSO
2447332.576	-4	-0.645	0.0165	AAVSO
2447387.655	0	-0.5851	0.0123	Berdnikov2008
2447772.799	28	-0.5749	0.0189	AAVSO
2447951.573	41	-0.6129	0.0038	Hipp
2448212.941	60	-0.5853	0.0243	AAVSO
2448391.767	73	-0.5719	0.0047	Hipp
2448419.201	75	-0.6468	0.0678	Barnes1997
2448501.793	81	-0.5842	0.0092	Berdnikov2008
2448653.208	92	-0.4717	0.0557	AAVSO
2449106.979	125	-0.6083	0.0234	AAVSO
2449519.643	155	-0.587	0.0119	Berdnikov2008
2449547.202	157	-0.538	0.0212	AAVSO
2449918.556	184	-0.5624	0.0087	Kiss1998
2449959.807	187	-0.5759	0.0151	Berdnikov2008
2449987.269	189	-0.6232	0.0156	AAVSO
2450427.48	221	-0.565	0.0199	AAVSO
2450881.403	254	-0.5495	0.0146	Berdnikov2008
2450895.153	255	-0.5544	0.0179	AAVSO
2451335.205	287	-0.6553	0.0204	AAVSO
2451624.154	308	-0.5559	0.0086	Berdnikov2008
2451775.398	319	-0.6145	0.0223	AAVSO
2452188.015	349	-0.641	0.0735	ASAS
2452215.557	351	-0.6086	0.0291	AAVSO
2452353.152	361	-0.5607	0.0315	Berdnikov2008
2452696.99	386	-0.5921	0.0059	IOMC
2452697.016	386	-0.5667	0.0211	ASAS
2452710.756	387	-0.5808	0.0228	AAVSO
2453137.171	418	-0.5641	0.0042	ASAS
2453150.901	419	-0.5888	0.029	AAVSO
2453247.247	426	-0.5261	0.0077	IOMC
2453591.052	451	-0.5905	0.0398	AAVSO
2453687.376	458	-0.55	0.0098	IOMC
2454031.15	483	-0.645	0.0222	AAVSO
2454210.033	496	-0.5739	0.0028	IOMC
2454526.412	519	-0.5551	0.0174	AAVSO
2454718.976	533	-0.5574	0.0049	IOMC
2454966.498	551	-0.622	0.0188	AAVSO
2455406.711	583	-0.5618	0.0211	AAVSO
2455667.946	602	-0.6674	0.0181	KWS
2455846.859	615	-0.5657	0.0248	AAVSO
2456108.159	634	-0.607	0.0206	KWS
2456424.57	657	-0.5551	0.021	AAVSO
2456548.322	666	-0.5963	0.0183	KWS
2456864.733	689	-0.5454	0.0268	AAVSO
2457057.304	703	-0.5411	0.0149	ASASSN-V
2457139.775	709	-0.5986	0.009	KWS
2457304.859	721	-0.5722	0.0265	AAVSO
2457497.446	735	-0.552	0.0115	ASASSN-V
2457579.937	741	-0.5897	0.0109	KWS
2457827.537	759	-0.5757	0.0222	AAVSO
2457937.566	767	-0.585	0.0102	ASASSN-V
2458020.125	773	-0.554	0.0116	KWS
2458267.557	791	-0.7081	0.045	AAVSO
2458611.583	816	-0.5514	0.0139	KWS
2459051.705	848	-0.5825	0.0262	KWS
