HJD	Epoch	O-C	O-Cerr	Source
2411934.341	-6819	0.1697	0.1257	Harvard
2412331.742	-6728	0.3705	0.2771	Harvard
2412680.593	-6648	0.0338	0.0515	Harvard
2413056.057	-6562	0.1228	0.0327	Harvard
2414606.1	-6207	0.0381	0.06	Szabados1977 Arch.
2414902.264	-6139	0.0042	0.0491	Harvard
2415264.673	-6056	0.1312	0.114	Harvard
2415287.05	-6051	0.0737	0.06	Szabados1977 Arch.
2415631.223	-5972	0.0354	0.0404	Harvard
2415984.863	-5891	0.1233	0.0416	Harvard
2416334.014	-5811	0.0872	0.0161	Harvard
2416691.921	-5729	0.0784	0.0466	Harvard
2417049.74	-5647	-0.0192	0.0399	Harvard
2417407.841	-5565	0.1653	0.0281	Harvard
2417613.45	-5518	0.0161	0.06	Szabados1977 Arch.
2417761.174	-5484	-0.0537	0.0486	Harvard
2418110.473	-5404	0.0579	0.0369	Harvard
2418459.726	-5324	0.1246	0.0228	Harvard
2418586.8	-5295	0.0077	0.06	Szabados1977 Arch.
2418830.82	-5239	0.2078	0.0376	Harvard
2419210.47	-5152	0.1171	0.0505	Harvard
2419577.125	-5068	0.1258	0.0256	Harvard
2419948.097	-4983	0.0863	0.0202	Harvard
2420297.3	-4903	0.103	0.0227	Harvard
2420672.604	-4817	0.0307	0.0293	Harvard
2421034.919	-4734	0.0642	0.0495	Harvard
2421397.285	-4651	0.1483	0.0277	Harvard
2421763.921	-4567	0.1385	0.0491	Harvard
2422117.4	-4486	0.0658	0.056	Harvard
2422475.268	-4404	0.017	0.0331	Harvard
2422828.97	-4323	0.1675	0.061	Harvard
2423212.94	-4235	0.0315	0.033	Harvard
2423562.231	-4155	0.1359	0.0421	Harvard
2423915.696	-4074	0.0492	0.0279	Harvard
2424286.609	-3989	-0.0487	0.0393	Harvard
2424666.374	-3902	-0.0243	0.0606	Harvard
2425028.761	-3819	0.081	0.033	Harvard
2425408.51	-3732	0.0892	0.0258	Harvard
2425757.638	-3652	0.0311	0.0112	Harvard
2426106.887	-3572	0.0923	0.0268	Harvard
2426460.428	-3491	0.0824	0.0207	Harvard
2426809.546	-3411	0.0135	0.0222	Harvard
2427180.618	-3326	0.0742	0.0314	Harvard
2427529.724	-3246	-0.0071	0.023	Harvard
2427887.663	-3164	0.0158	0.0143	Harvard
2428250.081	-3081	0.1526	0.027	Harvard
2428642.742	-2991	-0.0216	0.0232	Harvard
2428717.71	-2974	0.1333	0.06	Szabados1977 Arch.
2428748.3	-2967	0.1694	0.06	Szabados1977 Arch.
2428992.014	-2911	0.0632	0.031	Harvard
2429341.264	-2831	0.1265	0.0206	Harvard
2429755.872	-2736	0.0745	0.0156	Harvard
2430113.754	-2654	0.0399	0.0242	Harvard
2430166.83	-2642	0.1277	0.06	Szabados1977 Arch.
2430446.124	-2578	0.0722	0.06	Szabados1977 Arch.
2430489.175	-2568	0.0856	0.0223	Harvard
2430515.291	-2562	0.012	0.0646	Filatov1957
2430651.211	-2531	0.0119	0.06	Szabados1977 Arch.
2430868.89	-2481	0.0593	0.0267	Harvard
2430956.765	-2461	0.0274	0.04	Szabados1977 Arch.
2431226.762	-2399	0.0147	0.0097	Harvard
2431410.654	-2357	-0.0265	0.06	Szabados1977 Arch.
2431584.732	-2317	0.0685	0.0496	Filatov1957
2431606.518	-2312	0.0308	0.0114	Harvard
2431933.879	-2237	0.0283	0.0413	Filatov1957
2431960.147	-2231	0.1081	0.0234	Harvard
2432313.629	-2150	0.0384	0.0239	Harvard
2432702.048	-2061	-0.0139	0.0236	Filatov1957
2432702.097	-2061	0.0353	0.0422	Harvard
2432794.38	-2040	0.0465	0.06	Szabados1977 Arch.
2433055.612	-1980	-0.0014	0.0334	Harvard
2433059.914	-1979	-0.0644	0.0285	Filatov1957
2433121.697	-1965	0.0008	0.06	Szabados1977 Arch.
2433426.58	-1895	-0.0441	0.0299	Harvard
2433649.937	-1844	0.0956	0.04	Szabados1977 Arch.
2433775.885	-1815	0.0736	0.0363	Harvard
2433823.79	-1804	-0.0341	0.0314	Filatov1957
2433890.004	-1789	0.0966	0.06	Szabados1977 Arch.
2434173.049	-1724	0.0381	0.0168	Harvard
2434400.571	-1672	-0.0222	0.04	Szabados1977 Arch.
2434448.65	-1661	0.0436	0.06	Szabados1977 Arch.
2434565.758	-1634	-0.0886	0.0223	Filatov1957
2434919.509	-1553	0.1109	0.0499	Filatov1957
2435277.208	-1471	-0.1067	0.0627	Filatov1957
2435334.826	-1458	0.1579	0.06	Szabados1977 Arch.
2435692.675	-1376	0.0904	0.04	Szabados1977 Arch.
2436748.336	-1134	0.0712	0.0411	Mitchell1964
2436761.948	-1131	-0.0215	0.01	Szabados1977 Arch.
2437141.17	-1044	0.0703	0.033	Mitchell1964
2437307.56	-1006	-0.014	0.01	Szabados1977 Arch.
2437861.39	-879	0.0921	0.0414	Harvard
2439743.193	-448	0.0406	0.01	Szabados1977 Arch.
2440026.271	-383	0.0147	0.1287	Harvard
2440392.805	-299	-0.0978	0.1133	Harvard
2440772.658	-212	0.0149	0.1907	Harvard
2441414.321	-65	0.0473	0.0125	Szabados1977
2441698.62	0	0.021	0.01	Szabados1977 Arch.
2441763.563	15	0.1016	0.0759	Harvard
2441802.841	24	0.0968	0.014	Szabados1977
2442208.632	117	-0.0427	0.0493	Harvard
2442571.012	200	0.056	0.0845	Harvard
2442920.157	280	0.0148	0.0393	Harvard
2443273.707	361	0.0124	0.0453	Harvard
2443657.704	449	-0.0957	0.0655	Harvard
2444024.541	533	0.0952	0.0632	Harvard
2444399.891	619	0.0692	0.0709	Harvard
2444430.46	626	0.0838	0.0021	Moffett1984
2444779.577	706	0.014	0.0666	Harvard
2444823.3	716	0.0887	0.002	Moffett1984
2445137.537	788	0.0576	0.0228	Harvard
2445491.012	869	-0.0191	0.0348	Harvard
2445844.658	950	0.075	0.0554	Harvard
2446202.512	1032	0.0124	0.0297	Harvard
2446560.429	1114	0.0134	0.0255	Harvard
2446604.146	1124	0.0822	0.0032	Berdnikov2008
2446913.882	1195	-0.0857	0.0799	Harvard
2447267.565	1276	0.0463	0.0553	Harvard
2447625.535	1358	0.0991	0.0936	Harvard
2447891.804	1419	0.1132	0.0114	Hipp
2448254.092	1502	0.1198	0.0038	Hipp
2448633.846	1589	0.1331	0.0487	Hipp
2448852.086	1639	0.1315	0.006	Berdnikov2008
2449026.783	1679	0.2352	0.2974	Hipp
2449991.377	1900	0.1998	0.0242	Berdnikov2008
2455696.257	3207	0.2391	0.0226	KWS
2456058.533	3290	0.2338	0.0106	KWS
2456447.021	3379	0.2515	0.0074	KWS
2456796.228	3459	0.2722	0.0087	KWS
2457066.842	3521	0.2656	0.0044	ASASSN-V
2457149.765	3540	0.2573	0.0046	KWS
2457446.585	3608	0.268	0.0028	ASASSN-V
2457525.182	3626	0.2981	0.009	KWS
2457821.977	3694	0.2839	0.0027	ASASSN-V
2457891.802	3710	0.2722	0.0053	KWS
2458175.528	3775	0.2836	0.0026	ASASSN-V
2458219.136	3785	0.2433	0.0051	ASASSN-g
2458254.094	3793	0.2824	0.0056	KWS
2458568.349	3865	0.2698	0.002	ASASSN-g
2458625.117	3878	0.2942	0.0073	KWS
2458917.553	3945	0.2868	0.0029	ASASSN-g
2458987.371	3961	0.2671	0.0152	KWS
