HJD	Epoch	O-C	O-Cerr	Source
2413380.663	-8447	-1.1386	0.2403	Harvard
2413742.83	-8358	-0.9966	0.313	Harvard
2414536.113	-8163	-0.9149	0.1792	Harvard
2414902.033	-8073	-1.088	0.0748	Harvard
2415268.353	-7983	-0.8611	0.0929	Harvard
2415617.948	-7897	-1.0883	0.0864	Harvard
2415618.101	-7897	-0.9346	0.05	Szabados1989 Arch.
2416004.479	-7802	-0.9883	0.0399	Harvard
2416358.585	-7715	-0.7718	0.1092	Harvard
2416557.829	-7666	-0.8448	0.05	Szabados1989 Arch.
2416708.316	-7629	-0.8625	0.0455	Harvard
2417074.336	-7539	-0.9356	0.027	Harvard
2417180.162	-7513	-0.8696	0.05	Szabados1989 Arch.
2417428.442	-7452	-0.7199	0.0926	Harvard
2417802.668	-7360	-0.7213	0.0649	Harvard
2418030.346	-7304	-0.8345	0.05	Szabados1989 Arch.
2418152.353	-7274	-0.8591	0.0391	Harvard
2418502.17	-7188	-0.8637	0.032	Harvard
2418571.442	-7171	-0.7423	0.05	Szabados1989 Arch.
2418852.17	-7102	-0.6861	0.0265	Harvard
2419201.929	-7016	-0.7492	0.0387	Harvard
2419478.603	-6948	-0.678	0.05	Szabados1989 Arch.
2419551.734	-6930	-0.7658	0.0269	Harvard
2419901.47	-6844	-0.8514	0.0228	Harvard
2420068.411	-6803	-0.6862	0.05	Szabados1989 Arch.
2420267.743	-6754	-0.6719	0.0505	Harvard
2420621.589	-6667	-0.7156	0.0236	Harvard
2420869.765	-6606	-0.6687	0.05	Szabados1989 Arch.
2420987.716	-6577	-0.6813	0.0313	Harvard
2421337.604	-6491	-0.6154	0.0296	Harvard
2421541.013	-6440	-0.5909	0.05	Szabados1989 Arch.
2421715.999	-6398	-0.5165	0.081	Harvard
2422081.931	-6308	-0.6772	0.0376	Harvard
2422439.978	-6219	-0.5871	0.05	Szabados1989 Arch.
2422456.14	-6216	-0.6959	0.073	Harvard
2422850.752	-6119	-0.6509	0.0826	Harvard
2423200.47	-6033	-0.7548	0.0334	Harvard
2423351.231	-5995	-0.4985	0.05	Szabados1989 Arch.
2423558.843	-5945	-0.3393	0.3426	Harvard
2423912.608	-5858	-0.4643	0.2667	Harvard
2424148.588	-5799	-0.4103	0.05	Szabados1989 Arch.
2424290.868	-5765	-0.4995	0.0614	Harvard
2424644.54	-5678	-0.7182	0.0592	Harvard
2425152.977	-5553	-0.7426	0.1576	Harvard
2425320.165	-5511	-0.3303	0.05	Szabados1989 Arch.
2425702.294	-5418	-0.5654	0.0378	Harvard
2426064.447	-5329	-0.4375	0.0414	Harvard
2426458.915	-5232	-0.5363	0.0566	Harvard
2426780.41	-5152	-0.3889	0.05	Szabados1989 Arch.
2426808.791	-5146	-0.4824	0.0417	Harvard
2427187.083	-5053	-0.4855	0.0785	Harvard
2427268.548	-5032	-0.3747	0.05	Szabados1989 Arch.
2427545.11	-4965	-0.4165	0.1342	Harvard
2427898.893	-4878	-0.5235	0.0423	Harvard
2428248.881	-4792	-0.3567	0.0553	Harvard
2428607.043	-4704	-0.1528	0.0473	Harvard
2428997.497	-4608	-0.1981	0.1381	Harvard
2429363.198	-4518	-0.5892	0.1576	Harvard
2429737.547	-4426	-0.4689	0.1463	Harvard
2430087.521	-4340	-0.3164	0.0435	Harvard
2430437.409	-4254	-0.2508	0.0273	Harvard
2430791.293	-4167	-0.2565	0.0197	Harvard
2431141.09	-4081	-0.2813	0.0264	Harvard
2431527.586	-3986	-0.2165	0.051	Harvard
2431877.334	-3900	-0.291	0.0658	Harvard
2432272.0	-3803	-0.1918	0.0452	Harvard
2432621.721	-3717	-0.2927	0.0462	Harvard
2432975.582	-3630	-0.3211	0.0431	Harvard
2433358.098	-3536	-0.1693	0.0447	Harvard
2433748.621	-3440	-0.1445	0.0582	Harvard
2434098.404	-3354	-0.1835	0.037	Harvard
2434488.84	-3258	-0.2472	0.0635	Harvard
2434582.44	-3235	-0.2038	0.0677	AAVSO
2434582.484	-3235	-0.1604	0.0129	Mitchell1964
2434789.917	-3183	-0.1793	0.03	Szabados1989 Arch.
2434940.479	-3147	-0.1221	0.0064	Mitchell1964
2434940.487	-3147	-0.1146	0.0936	AAVSO
2435229.216	-3075	-0.1917	0.01	Szabados1989 Arch.
2437055.666	-2627	-0.1384	0.0809	AAVSO
2437055.712	-2627	-0.0919	0.0251	Mitchell1964
2437112.633	-2612	-0.1188	0.03	Szabados1989 Arch.
2437450.157	-2530	-0.2142	0.0588	AAVSO
2437450.32	-2530	-0.051	0.0205	Mitchell1964
2437470.593	-2524	-0.1163	0.02	Szabados1989 Arch.
2438991.946	-2151	-0.0823	0.0818	AAVSO
2439549.187	-2013	-0.1159	0.02	Szabados1989 Arch.
2440338.287	-1819	-0.1493	0.01	Szabados1989 Arch.
2440680.028	-1736	-0.0951	0.0131	Pel1976
2440712.479	-1728	-0.1857	0.0634	Harvard
2440761.348	-1715	-0.1289	0.01	Szabados1989 Arch.
2441090.763	-1635	-0.1976	0.0628	Harvard
2442233.908	-1354	-0.0755	0.0409	AAVSO
2442583.687	-1268	-0.1189	0.0939	AAVSO
2442856.213	-1200	-0.1284	0.02	Szabados1989 Arch.
2442945.768	-1179	-0.0627	0.0581	AAVSO
2444040.001	-910	-0.0405	0.0039	Moffett1984
2444361.258	-830	-0.1317	0.01	Szabados1989 Arch.
2444389.812	-824	-0.0522	0.0064	Moffett1984
2444393.857	-823	-0.0742	0.006	Gieren1981
2444414.138	-817	-0.1317	0.01	Szabados1989 Arch.
2444422.407	-816	0.0018	0.0424	Berdnikov2008
2444808.721	-720	-0.1154	0.01	Szabados1989 Arch.
2446606.709	-279	-0.05	0.0131	Berdnikov2008
2446993.167	-184	-0.0231	0.0144	Berdnikov2008
2447021.569	-177	-0.0954	0.0775	Harvard
2447733.455	-2	-0.0569	0.0072	Berdnikov2008
2447916.52	42	-0.0381	0.0027	Hipp
2448099.566	87	-0.0386	0.0127	Berdnikov2008
2448306.987	138	-0.0699	0.0091	Hipp
2448656.845	224	-0.0339	0.0089	Hipp
2450304.2	629	-0.097	0.0119	Berdnikov2008
2450889.978	773	-0.0672	0.0027	Berdnikov2008
2450983.553	796	-0.0492	0.0374	AAVSO
2451247.932	861	-0.0703	0.0037	Berdnikov2008
2451622.151	953	-0.0794	0.0058	Berdnikov2008
2451947.66	1033	0.0135	0.0477	ASAS
2452321.77	1125	-0.105	0.0045	Berdnikov2008
2452439.757	1154	-0.0809	0.0064	ASAS
2452789.581	1240	-0.0794	0.0069	ASAS
2453143.43	1327	-0.1201	0.0187	ASAS
2453493.245	1413	-0.1269	0.0117	ASAS
2453566.436	1431	-0.1547	0.0833	AAVSO
2453847.149	1500	-0.1131	0.011	ASAS
2454200.976	1587	-0.175	0.0099	ASAS
2454554.887	1674	-0.1541	0.0064	ASAS
2455628.798	1938	-0.1153	0.0076	KWS
2456002.967	2030	-0.1745	0.01	KWS
2456377.197	2122	-0.1725	0.0104	KWS
2456731.114	2209	-0.1454	0.0118	KWS
2457109.368	2302	-0.1876	0.0152	KWS
2457463.248	2389	-0.1971	0.0038	ASASSN-V
2457471.377	2391	-0.2041	0.0085	KWS
2457813.048	2475	-0.2189	0.0073	ASASSN-V
2457821.166	2477	-0.2367	0.0089	KWS
2458162.841	2561	-0.2486	0.006	ASASSN-V
2458175.074	2564	-0.2184	0.0085	KWS
2458557.301	2658	-0.3545	0.0765	KWS
