HJD	Epoch	O-C	O-Cerr	Source
2417739.926	-13984	-1.2854	0.0886	Berdnikov1997 Arch.
2424375.114	-11329	-1.109	0.02	Szabados1991 Arch.
2424695.069	-11201	-1.034	0.03	Szabados1991 Arch.
2427546.539	-10060	-0.9949	0.03	Szabados1991 Arch.
2429093.606	-9441	-0.8486	0.0487	Berdnikov1997 Arch.
2429310.924	-9354	-0.9483	0.0517	Berdnikov1997 Arch.
2429453.401	-9297	-0.9185	0.0665	Berdnikov1997 Arch.
2429833.292	-9145	-0.8851	0.0309	Berdnikov1997 Arch.
2432974.846	-7888	-0.6527	0.03	Szabados1991 Arch.
2433092.204	-7841	-0.7509	0.0163	AAVSO
2436099.058	-6637	-0.2695	0.03	Szabados1991 Arch.
2437131.191	-6225	-0.2502	0.0345	AAVSO
2437176.231	-6206	-0.1927	0.02	Szabados1991 Arch.
2437578.622	-6045	-0.1508	0.02	Szabados1991 Arch.
2438495.772	-5678	-0.1569	0.02	Szabados1991 Arch.
2438870.653	-5528	-0.1354	0.02	Szabados1991 Arch.
2438905.8	-5514	0.0243	0.0958	AAVSO
2440185.353	-5002	0.0575	0.05	Szabados1991 Arch.
2441297.457	-4557	0.0785	0.03	Szabados1991 Arch.
2441467.411	-4489	0.0956	0.0136	Szabados1977
2441737.329	-4381	0.1154	0.02	Szabados1991 Arch.
2441859.787	-4332	0.1186	0.0096	Szabados1977
2442239.502	-4181	-0.0233	0.0386	AAVSO
2443044.336	-3858	0.1124	0.03	Szabados1991 Arch.
2443289.213	-3760	0.0813	0.003	Moffett1984
2443349.181	-3736	0.0711	0.0104	Szabados1991
2443379.217	-3724	0.119	0.02	Szabados1991 Arch.
2443399.222	-3716	0.1315	0.02	Szabados1991 Arch.
2443641.567	-3620	0.0667	0.0062	Moffett1984
2443711.433	-3592	-0.0409	0.0408	AAVSO
2443713.993	-3591	0.0199	0.0359	Szabados1991
2443754.079	-3574	0.1215	0.03	Szabados1991 Arch.
2443871.536	-3527	0.1226	0.02	Szabados1991 Arch.
2444003.945	-3474	0.0811	0.0062	Moffett1984
2444079.041	-3444	0.2046	0.0141	Berdnikov1997 Arch.
2444106.376	-3434	0.0505	0.0152	Szabados1991
2444148.939	-3416	0.1296	0.02	Szabados1991 Arch.
2444533.77	-3262	0.1049	0.05	Szabados1991 Arch.
2444683.74	-3202	0.1311	0.03	Szabados1991 Arch.
2444868.642	-3128	0.1024	0.03	Szabados1991 Arch.
2445645.867	-2817	0.1188	0.02	Szabados1991 Arch.
2446340.664	-2539	0.1763	0.05	Szabados1991 Arch.
2446612.996	-2430	0.1097	0.0195	Berdnikov2008
2446995.408	-2277	0.1659	0.0418	Berdnikov2008
2447342.895	-2138	0.2831	0.02	Szabados1991 Arch.
2447397.755	-2116	0.1629	0.0094	Berdnikov2008
2448100.01	-1835	0.1816	0.0125	Berdnikov2008
2448502.413	-1674	0.2359	0.0077	Berdnikov2008
2448854.86	-1533	0.3149	0.0099	Berdnikov2008
2449616.99	-1228	0.2308	0.0315	Berdnikov2008
2449622.167	-1226	0.4096	0.0209	Berdnikov1997 Arch.
2449931.974	-1102	0.3325	0.0189	Berdnikov2008
2449962.163	-1090	0.533	0.0254	Berdnikov1997 Arch.
2449966.967	-1088	0.3387	0.0058	Kiss1998
2450274.352	-965	0.3392	0.0054	Kiss1998
2450304.373	-953	0.3713	0.008	Berdnikov2008
2450406.926	-912	0.4622	0.0557	AAVSO
2450706.788	-792	0.4365	0.0642	AAVSO
2451006.635	-672	0.3966	0.0433	AAVSO
2451091.601	-638	0.3946	0.0053	Oja2011
2451308.992	-551	0.3667	0.0507	AAVSO
2451391.507	-518	0.4126	0.0028	Oja2011
2451684.015	-401	0.53	0.0883	AAVSO
2452731.097	17	0.5046	0.0056	SMEI
2452756.126	27	0.5436	0.0129	SMEI
2452781.123	37	0.5497	0.0096	SMEI
2452916.072	91	0.5493	0.0048	SMEI
2452941.049	101	0.5355	0.0077	SMEI
2452966.068	111	0.5637	0.0038	SMEI
2452991.093	121	0.5987	0.0787	SMEI
2453093.546	162	0.5893	0.012	SMEI
2453118.551	172	0.6039	0.0064	SMEI
2453143.534	182	0.5964	0.0056	SMEI
2453281.011	237	0.6248	0.0077	SMEI
2453305.989	247	0.612	0.0037	SMEI
2453330.979	257	0.6118	0.0041	SMEI
2453460.939	309	0.6205	0.0065	SMEI
2453485.941	319	0.6316	0.0064	SMEI
2453553.513	346	0.729	0.081	AAVSO
2453648.35	384	0.602	0.0059	SMEI
2453673.372	394	0.6327	0.0046	SMEI
2453698.359	404	0.6294	0.0042	SMEI
2453860.833	469	0.664	0.0075	SMEI
2453885.772	479	0.6129	0.0103	SMEI
2453885.931	479	0.7723	0.0498	AAVSO
2453910.793	489	0.6434	0.0067	SMEI
2453935.787	499	0.6469	0.0074	SMEI
2453960.771	509	0.6404	0.0039	SMEI
2453985.759	519	0.6371	0.005	SMEI
2454010.744	529	0.6313	0.0064	SMEI
2454035.745	539	0.6419	0.0038	SMEI
2454060.758	549	0.6648	0.0053	SMEI
2454185.802	599	0.7554	0.0517	AAVSO
2454190.723	601	0.6778	0.011	SMEI
2454215.683	611	0.6473	0.0106	SMEI
2454240.654	621	0.6276	0.0181	SMEI
2454258.213	628	0.6935	0.0046	Kelt
2454278.217	636	0.7053	0.0086	SMEI
2454303.189	646	0.6866	0.0075	SMEI
2454328.173	656	0.6792	0.0056	SMEI
2454353.13	666	0.6457	0.0102	SMEI
2454378.17	676	0.6959	0.0089	SMEI
2454403.124	686	0.6586	0.005	SMEI
2454428.167	696	0.7116	0.007	SMEI
2454490.703	721	0.771	0.0369	AAVSO
2454555.585	747	0.6766	0.0073	SMEI
2454580.577	757	0.6778	0.0071	SMEI
2454580.607	757	0.7084	0.0074	Kelt
2454605.62	767	0.7306	0.015	SMEI
2454630.606	777	0.7262	0.0089	SMEI
2454655.591	787	0.7205	0.0047	SMEI
2454680.591	797	0.7297	0.0079	SMEI
2454705.577	807	0.7252	0.0028	SMEI
2454725.63	815	0.7857	0.0049	Kelt
2454730.575	817	0.733	0.0054	SMEI
2454755.536	827	0.7027	0.0032	SMEI
2454780.53	837	0.7063	0.0058	SMEI
2454790.575	841	0.7554	0.0392	AAVSO
2454805.492	847	0.6775	0.0118	SMEI
2454920.492	893	0.7211	0.0089	SMEI
2454945.461	903	0.699	0.0095	SMEI
2454970.487	913	0.7342	0.0233	SMEI
2454995.481	923	0.7378	0.0105	SMEI
2455020.464	933	0.7299	0.0093	SMEI
2455045.46	943	0.7361	0.0068	SMEI
2455070.461	953	0.7455	0.003	SMEI
2455090.489	961	0.7814	0.0442	AAVSO
2455095.448	963	0.7424	0.0051	SMEI
2455120.417	973	0.7206	0.004	SMEI
2455145.405	983	0.7178	0.0066	SMEI
2455170.423	993	0.7451	0.0083	SMEI
2455285.391	1039	0.7566	0.0106	SMEI
2455310.41	1049	0.7851	0.0114	SMEI
2455335.369	1059	0.7534	0.0147	SMEI
2455360.38	1069	0.7738	0.0106	SMEI
2455385.346	1079	0.7493	0.0042	SMEI
2455390.492	1081	0.8967	0.0363	AAVSO
2455410.32	1089	0.7329	0.008	SMEI
2455435.333	1099	0.7546	0.0046	SMEI
2455460.345	1109	0.7758	0.005	SMEI
2455485.293	1119	0.734	0.0053	SMEI
2455510.333	1129	0.7827	0.0065	SMEI
2455535.304	1139	0.7628	0.0133	SMEI
2455650.211	1185	0.7137	0.013	SMEI
2455675.239	1195	0.7505	0.0092	SMEI
2455700.26	1205	0.7808	0.0186	SMEI
2455712.761	1210	0.7865	0.0353	AAVSO
2455725.268	1215	0.798	0.0188	SMEI
2455740.226	1221	0.762	0.01	KWS
2455750.239	1225	0.7787	0.0083	SMEI
2455775.203	1235	0.7519	0.0086	SMEI
2455800.197	1245	0.7558	0.0033	SMEI
2455825.222	1255	0.7902	0.005	SMEI
2456080.107	1357	0.7702	0.0118	KWS
2456092.683	1362	0.8512	0.044	AAVSO
2456429.984	1497	0.7783	0.0338	AAVSO
2456479.995	1517	0.8082	0.0088	KWS
2456819.915	1653	0.8562	0.0208	KWS
2456824.835	1655	0.7779	0.0314	AAVSO
2457099.798	1765	0.8437	0.0113	ASASSN-V
2457177.265	1796	0.8403	0.0058	KWS
2457182.245	1798	0.822	0.0549	AAVSO
2457462.195	1910	0.8764	0.0103	ASASSN-V
2457587.137	1960	0.8656	0.0084	KWS
2457827.087	2056	0.9058	0.0084	ASASSN-V
2457877.053	2076	0.8904	0.083	AAVSO
2457907.047	2088	0.8957	0.0042	KWS
2458206.96	2208	0.9207	0.0149	ASASSN-V
2458219.418	2213	0.8836	0.0148	ASASSN-g
2458281.948	2238	0.9373	0.0129	KWS
2458569.324	2353	0.9211	0.0101	ASASSN-g
2458654.281	2387	0.91	0.0403	AAVSO
2458671.807	2394	0.9422	0.0081	KWS
2458709.302	2409	0.9509	0.0	TESS
2458719.314	2413	0.9666	0.0008	TESS
2458729.298	2417	0.9545	0.0002	TESS
2458929.331	2497	1.0622	0.0598	ASASSN-g
