HJD	Epoch	O-C	O-Cerr	Source
2411806.503	-813	11.6784	0.4383	AAVSO
2412090.853	-805	11.6182	0.4985	AAVSO
2412374.198	-797	10.5528	0.33	AAVSO
2412659.622	-789	11.5655	0.6034	AAVSO
2412942.775	-781	10.3086	0.552	AAVSO
2413226.652	-773	9.7749	0.4401	AAVSO
2413511.135	-765	9.8476	0.3766	AAVSO
2413795.974	-757	10.2768	1.266	AAVSO
2414505.339	-737	8.6155	0.6118	AAVSO
2414788.954	-729	7.8202	0.8106	AAVSO
2415110.121	-720	9.025	0.7078	AAVSO
2415394.45	-712	8.9439	0.3483	AAVSO
2415678.541	-704	8.6244	0.587	AAVSO
2415964.001	-696	9.6743	0.5769	AAVSO
2416247.646	-688	8.9086	0.9282	AAVSO
2416568.154	-679	9.4547	0.3094	AAVSO
2416888.388	-670	9.7276	0.3661	AAVSO
2417172.791	-662	9.7195	0.9677	AAVSO
2417633.555	-649	8.3168	0.3186	AAVSO
2417919.01	-641	9.3621	0.8037	AAVSO
2418238.375	-632	8.7645	0.3026	AAVSO
2418593.931	-622	8.8075	0.5222	AAVSO
2418877.644	-614	8.1108	0.4517	AAVSO
2419162.332	-606	8.3885	0.6961	AAVSO
2419446.274	-598	7.9192	0.2701	AAVSO
2419730.89	-590	8.1256	0.735	AAVSO
2420263.676	-575	7.6418	0.2041	AAVSO
2421576.149	-538	4.7171	2.1822	AAVSO
2421862.493	-530	6.6506	1.0265	AAVSO
2422144.436	-522	4.183	1.0554	AAVSO
2422429.839	-514	5.1759	0.7467	AAVSO
2422713.826	-506	4.7521	0.4062	AAVSO
2422998.572	-498	5.0873	0.327	AAVSO
2423283.071	-490	5.1761	0.447	AAVSO
2423567.441	-482	5.1357	0.3182	AAVSO
2423852.152	-474	5.4363	0.3283	AAVSO
2424136.541	-466	5.4153	0.2622	AAVSO
2424491.504	-456	4.8648	0.6364	AAVSO
2426090.06	-411	3.6123	1.8745	AAVSO
2426374.388	-403	3.5302	0.5273	AAVSO
2426658.357	-395	3.0885	0.545	AAVSO
2426943.139	-387	3.4603	1.0444	AAVSO
2427511.337	-371	2.8375	1.0115	AAVSO
2427795.408	-363	2.4983	0.4646	AAVSO
2428080.779	-355	3.4588	0.3721	AAVSO
2428364.4	-347	2.6696	0.3997	AAVSO
2428649.051	-339	2.9098	0.2732	AAVSO
2428933.159	-331	2.6073	0.2513	AAVSO
2429217.273	-323	2.3115	0.2349	AAVSO
2429501.348	-315	1.9761	0.3553	AAVSO
2429785.84	-307	2.0572	0.3621	AAVSO
2430070.448	-299	2.2551	0.2609	AAVSO
2430354.38	-291	1.7767	0.377	AAVSO
2430639.218	-283	2.2047	0.3136	AAVSO
2430924.03	-275	2.6057	0.5054	AAVSO
2431207.828	-267	1.9933	0.5056	AAVSO
2431493.061	-259	2.8164	0.3722	AAVSO
2431776.642	-251	1.9862	0.4106	AAVSO
2432061.21	-243	2.144	0.5582	AAVSO
2432345.578	-235	2.102	0.4624	AAVSO
2432629.985	-227	2.0982	0.4442	AAVSO
2432914.639	-219	2.3425	0.2957	AAVSO
2433199.63	-211	2.923	0.4657	AAVSO
2433482.453	-203	1.3349	1.1599	AAVSO
2433732.11	-196	2.1336	0.1638	Mitchell1964
2433767.463	-195	1.9348	0.4013	AAVSO
2433803.04	-194	1.9603	0.03	Szabados1989 Arch.
2434052.447	-187	2.5088	0.3643	AAVSO
2434336.052	-179	1.7035	0.633	AAVSO
2434442.481	-176	1.4786	0.1008	Mitchell1964
2434620.38	-171	1.6207	0.4923	AAVSO
2434762.294	-167	1.3292	0.03	Szabados1989 Arch.
2434797.931	-166	1.4154	0.0682	Mitchell1964
2434904.118	-163	0.948	0.7907	AAVSO
2435153.16	-156	1.1312	0.0995	Mitchell1964
2435188.758	-155	1.1779	0.7938	AAVSO
2435224.047	-154	0.9153	0.03	Szabados1989 Arch.
2435259.654	-153	0.971	0.05	Szabados1989 Arch.
2435473.784	-147	1.7931	0.761	AAVSO
2435614.859	-143	0.6629	0.1975	Mitchell1964
2435792.617	-138	0.6652	0.0951	Gaposchkin1958
2436040.933	-131	0.122	0.4985	AAVSO
2436325.113	-124	-0.1087	0.7034	AAVSO
2436610.695	-115	1.0632	0.1769	AAVSO
2436895.165	-107	1.1227	0.158	AAVSO
2437179.338	-99	0.8852	0.1264	AAVSO
2437462.958	-91	0.0948	0.2492	AAVSO
2437746.842	-83	-0.432	0.03	Szabados1989 Arch.
2437747.528	-83	0.2544	0.4316	AAVSO
2438032.353	-75	0.6685	0.375	AAVSO
2438066.359	-75	-0.877	0.2128	Feinstein1969
2438137.399	-72	-0.9393	0.05	Szabados1989 Arch.
2438316.022	-68	-0.0729	0.3234	AAVSO
2438421.21	-65	-1.5388	0.1105	Feinstein1969
2438457.382	-63	-0.918	0.05	Szabados1989 Arch.
2438600.277	-60	-0.2285	0.247	AAVSO
2438776.769	-55	-1.4923	0.0827	Feinstein1969
2438848.205	-52	-1.1593	0.05	Szabados1989 Arch.
2438884.557	-52	-0.358	0.282	AAVSO
2439061.571	-47	-1.1013	0.1248	Feinstein1969
2439168.922	-44	-0.4035	0.2231	AAVSO
2439453.092	-36	-0.6439	0.2579	AAVSO
2439523.467	-34	-1.3718	0.0505	Landolt1971
2439523.668	-34	-1.1712	0.1758	Feinstein1969
2439559.064	-32	-1.3263	0.02	Szabados1989 Arch.
2439559.242	-32	-1.1483	0.02	Szabados1989 Arch.
2439737.157	-28	-0.9895	0.3329	AAVSO
2440022.15	-20	-0.4072	0.4144	AAVSO
2440306.237	-12	-0.7304	0.5529	AAVSO
2440590.352	-4	-1.0262	1.4037	AAVSO
2440625.352	-2	-1.5773	0.03	Szabados1989 Arch.
2440660.602	-2	-1.8784	0.0579	Pel1976
2440732.031	0	-1.5522	0.02	Szabados1989 Arch.
2440875.272	3	-0.5162	0.5901	AAVSO
2441123.192	11	-1.4555	0.03	Szabados1989 Arch.
2441123.954	10	-0.6932	0.2119	Pel1976
2441157.984	11	-2.2143	0.5652	AAVSO
2441443.233	19	-1.3761	0.6132	AAVSO
2441727.299	27	-1.7207	1.1626	AAVSO
2441727.461	28	-1.5586	0.02	Szabados1989 Arch.
2441834.104	31	-1.5695	0.02	Szabados1989 Arch.
2442012.53	35	-0.9001	1.0855	AAVSO
2442402.427	46	-2.0672	0.8514	AAVSO
2442545.105	51	-1.5945	0.03	Szabados1989 Arch.
2442971.803	62	-1.5123	0.4577	AAVSO
2443185.105	69	-1.5179	0.02	Szabados1989 Arch.
2443256.815	70	-0.9108	1.155	AAVSO
2443540.691	78	-1.4447	1.0296	AAVSO
2443824.731	86	-1.8151	0.3856	AAVSO
2444181.037	96	-1.0224	0.749	AAVSO
2444464.878	104	-1.5916	0.4344	AAVSO
2444748.326	112	-2.5538	0.3091	AAVSO
2445033.101	120	-2.1894	0.5063	AAVSO
2445317.274	128	-2.4267	0.3768	AAVSO
2445602.419	136	-1.6918	0.3528	AAVSO
2445886.491	144	-2.0307	0.3809	AAVSO
2446171.297	152	-1.635	0.7269	AAVSO
2446454.671	160	-2.6715	0.557	AAVSO
2446739.353	168	-2.4001	0.4817	AAVSO
2447023.89	176	-2.2734	0.3642	AAVSO
2447308.265	184	-2.3086	0.3069	AAVSO
2447592.316	192	-2.668	0.5647	AAVSO
2447841.021	199	-2.8224	0.0242	Hipp
2447876.79	200	-2.6042	0.3312	AAVSO
2448125.464	207	-2.7896	0.026	Hipp
2448161.668	208	-2.1366	0.2619	AAVSO
2448409.785	215	-2.8785	0.0401	Hipp
2448446.171	216	-2.0436	0.4449	AAVSO
2448695.437	223	-1.6375	0.0454	Hipp
2448730.52	224	-2.1058	0.8773	AAVSO
2449014.887	232	-2.1486	0.3354	AAVSO
2449015.27	232	-1.7654	0.0614	Hipp
2449299.279	240	-2.1674	0.2452	AAVSO
2449583.552	248	-2.305	0.2611	AAVSO
2449867.53	256	-2.7367	0.3949	AAVSO
2450151.921	264	-2.7566	0.4028	AAVSO
2450436.219	272	-2.8685	0.285	AAVSO
2450507.767	274	-2.423	0.1152	Berdnikov2008
2450720.921	280	-2.5773	0.358	AAVSO
2450863.14	284	-2.5636	0.0494	Berdnikov2008
2451005.633	288	-2.276	0.483	AAVSO
2451219.121	294	-2.0957	0.0555	Berdnikov2008
2451290.49	296	-1.8289	0.2731	AAVSO
2451574.292	304	-2.4372	0.3068	AAVSO
2451610.045	305	-2.2358	0.0629	Berdnikov2008
2451858.665	312	-2.4749	0.441	AAVSO
2451929.888	314	-2.3542	0.0701	Berdnikov2008
2452178.532	321	-2.5693	0.4562	AAVSO
2452285.658	324	-2.0971	0.0336	Berdnikov2008
2452463.633	329	-1.8788	0.5672	AAVSO
2452605.559	333	-2.158	0.2003	Berdnikov2008
2452641.388	334	-1.8807	0.0241	SMEI
2452926.049	342	-1.6299	0.0219	SMEI
2452961.182	343	-2.0485	0.0315	Berdnikov2008
2453281.606	352	-1.5863	0.0226	SMEI
2453352.69	354	-1.6045	0.0966	ASAS
2453637.075	362	-1.6296	0.0846	ASAS
2453850.773	368	-1.2401	0.0189	SMEI
2453921.412	370	-1.7032	0.1824	ASAS
2454135.058	376	-1.3646	0.0275	SMEI
2454205.875	378	-1.6511	0.1639	ASAS
2454419.505	384	-1.3287	0.0206	SMEI
2454490.31	386	-1.6263	0.1172	ASAS
2454739.664	393	-1.1312	0.0196	SMEI
2455024.296	401	-0.9093	0.0202	SMEI
2455308.597	409	-1.0191	0.0234	SMEI
2455593.15	417	-0.8763	0.0321	SMEI
2457406.303	468	-0.8397	0.0721	ASASSN-V
2457690.679	476	-0.8739	0.0345	ASASSN-V
2458010.759	485	-0.7558	0.0257	ASASSN-V
