HJD	Epoch	O-C	O-Cerr	Source
2413248.108	-1636	7.1771	0.9161	Harvard
2413681.022	-1614	6.5984	0.154	Harvard
2414014.901	-1597	5.5061	0.2325	Harvard
2414764.466	-1559	6.3096	0.1181	Harvard
2415138.301	-1540	5.7652	0.5107	Harvard
2415512.542	-1521	5.6262	0.1449	Harvard
2415532.749	-1520	6.1288	0.1	Oosterhoff1943 Arch.
2415630.569	-1515	5.4277	0.1	Oosterhoff1943 Arch.
2415867.046	-1503	5.4539	0.1418	Harvard
2416241.181	-1484	5.2082	0.1858	Harvard
2416339.659	-1479	5.1657	0.1	Oosterhoff1943 Arch.
2416576.289	-1467	5.3449	0.1254	Harvard
2416635.819	-1464	5.7624	0.1	Oosterhoff1943 Arch.
2416930.856	-1449	5.2354	0.1138	Harvard
2417009.699	-1445	5.2621	0.1	Oosterhoff1943 Arch.
2417048.679	-1443	4.8337	0.1	Oosterhoff1943 Arch.
2417285.087	-1431	4.7911	0.1329	Harvard
2417324.849	-1429	5.1446	0.1	Oosterhoff1943 Arch.
2417679.558	-1411	5.1769	0.1458	Harvard
2418033.736	-1393	4.6793	0.1683	Harvard
2418427.606	-1373	4.4651	0.1868	Harvard
2418466.809	-1371	4.2597	0.1	Oosterhoff1943 Arch.
2420397.589	-1273	4.0259	0.1	Oosterhoff1943 Arch.
2420751.499	-1255	3.26	0.1	Oosterhoff1943 Arch.
2421461.529	-1219	3.938	0.1	Oosterhoff1943 Arch.
2421835.539	-1200	3.5677	0.1	Oosterhoff1943 Arch.
2422583.569	-1162	2.8373	0.1	Oosterhoff1943 Arch.
2423233.749	-1129	2.778	0.1	Oosterhoff1943 Arch.
2427901.959	-892	1.0874	0.1	Oosterhoff1943 Arch.
2427901.969	-892	1.0974	0.1	Oosterhoff1943 Arch.
2427901.989	-892	1.1174	0.1	Oosterhoff1943 Arch.
2427901.989	-892	1.1174	0.1	Oosterhoff1943 Arch.
2427961.829	-889	1.8447	0.1	Oosterhoff1943 Arch.
2427961.909	-889	1.9247	0.1	Oosterhoff1943 Arch.
2427961.909	-889	1.9247	0.1	Oosterhoff1943 Arch.
2428040.729	-885	1.9278	0.1	Oosterhoff1943 Arch.
2428040.729	-885	1.9278	0.1	Oosterhoff1943 Arch.
2428670.549	-853	1.2127	0.1	Oosterhoff1943 Arch.
2428670.569	-853	1.2327	0.1	Oosterhoff1943 Arch.
2428749.359	-849	1.2058	0.1	Oosterhoff1943 Arch.
2429044.469	-834	0.7525	0.1	Oosterhoff1943 Arch.
2429044.499	-834	0.7825	0.1	Oosterhoff1943 Arch.
2429103.419	-831	0.5898	0.1	Oosterhoff1943 Arch.
2429103.449	-831	0.6198	0.1	Oosterhoff1943 Arch.
2429438.459	-814	0.658	0.1	Oosterhoff1943 Arch.
2429438.479	-814	0.678	0.1	Oosterhoff1943 Arch.
2429438.509	-814	0.708	0.1	Oosterhoff1943 Arch.
2434207.355	-572	1.1317	1.3696	AAVSO
2435626.479	-500	1.5522	0.6274	AAVSO
2436728.972	-444	0.6089	0.2966	AAVSO
2439624.555	-298	-0.3289	0.8844	AAVSO
2439940.626	-281	0.4747	1.7235	AAVSO
2440296.332	-263	1.5048	0.4522	AAVSO
2440650.167	-245	0.6632	0.3922	AAVSO
2440728.911	-241	0.5909	0.0306	Pel1976
2441083.609	-223	0.6128	0.0375	Pel1976
2441458.553	-204	1.176	0.3112	AAVSO
2442226.627	-165	0.7856	0.2307	AAVSO
2442561.323	-148	0.5097	0.333	AAVSO
2443684.7	-91	0.7458	0.2443	AAVSO
2444039.194	-73	0.5646	0.1534	Moffett1984
2444059.342	-72	1.0078	0.3733	AAVSO
2444374.054	-56	0.4522	0.0169	Moffett1984
2444393.902	-55	0.596	0.2134	AAVSO
2444748.19	-37	0.2082	0.6595	AAVSO
2444787.697	-35	0.3072	0.0518	Berdnikov2008
2445477.293	0	0.2551	0.0548	Berdnikov2008
2445851.667	18	0.2485	0.0318	Berdnikov2008
2446265.788	39	0.5816	0.0832	AAVSO
2447723.547	113	0.2275	0.0164	Berdnikov2008
2447959.588	124	-0.1823	0.0397	Hipp
2448294.692	141	-0.0495	0.0195	Hipp
2448590.365	157	0.0604	0.0154	Hipp
2449930.633	225	0.4407	0.0516	Berdnikov2008
2450541.546	256	0.5228	0.1037	AAVSO
2451389.097	299	0.7925	2.5134	AAVSO
2451960.289	328	0.5622	0.0196	ASAS
2452018.991	331	0.151	0.8748	AAVSO
2452433.115	352	0.4869	0.0201	ASAS
2452728.721	367	0.529	0.0121	ASAS
2452807.098	371	0.0892	0.3114	AAVSO
2453063.68	384	0.5169	0.0145	ASAS
2453162.136	389	0.4513	0.2128	AAVSO
2453418.34	402	0.5008	0.012	ASAS
2453792.754	421	0.5342	0.0149	ASAS
2454147.417	439	0.5216	0.0176	ASAS
2454265.212	445	0.091	0.1685	AAVSO
2454521.725	458	0.4496	0.0128	ASAS
2454600.69	462	0.5973	0.0321	AAVSO
2455645.033	515	0.6165	0.0688	KWS
2456039.124	535	0.6228	0.0682	KWS
2456393.917	553	0.7402	0.014	KWS
2456748.719	571	0.8662	0.024	KWS
2457044.327	586	0.9106	0.0098	ASASSN-V
2457123.205	590	0.9714	0.0148	KWS
2457418.789	605	0.9928	0.0053	ASASSN-V
2457477.973	608	1.0639	0.0264	KWS
2457793.227	624	1.0503	0.0034	ASASSN-V
2457793.277	624	1.1	0.0098	KWS
2457950.812	632	1.0013	0.0907	AAVSO
2458088.828	639	1.088	0.0302	KWS
2458167.674	643	1.1167	0.0095	ASASSN-V
2458207.053	645	1.0872	0.0077	ASASSN-g
2458522.364	661	1.1314	0.0105	ASASSN-g
2458581.517	664	1.1719	0.016	KWS
