HJD	Epoch	O-C	O-Cerr	Source
2411411.346	-4626	0.3436	0.179	Harvard
2413626.453	-4346	0.054	0.1886	Harvard
2414583.795	-4225	0.0279	0.1975	Harvard
2414963.529	-4177	-0.0207	0.0586	Harvard
2415311.625	-4133	-0.0586	0.0485	Harvard
2415659.782	-4089	-0.0353	0.031	Harvard
2416031.688	-4042	0.0004	0.0329	Harvard
2416379.821	-3998	-0.0005	0.0192	Harvard
2416727.971	-3954	0.0158	0.0242	Harvard
2417076.08	-3910	-0.0096	0.0214	Harvard
2417448.031	-3863	0.0713	0.0476	Harvard
2417843.468	-3813	-0.0984	0.0482	Harvard
2418191.734	-3769	0.0343	0.0253	Harvard
2418547.703	-3724	-0.0428	0.0331	Harvard
2418895.853	-3680	-0.0271	0.0401	Harvard
2419291.446	-3630	-0.041	0.0268	Harvard
2419441.739	-3611	-0.0778	0.05	Szabados1980 Arch.
2419639.716	-3586	0.0953	0.0424	Harvard
2419995.658	-3541	-0.0081	0.0361	Harvard
2420359.695	-3494	0.0708	0.08	Szabados1980 Arch.
2420367.524	-3494	-0.0128	0.0265	Harvard
2420723.592	-3449	0.0091	0.0344	Harvard
2421111.21	-3400	-0.0676	0.0292	Harvard
2421459.378	-3356	-0.0329	0.0479	Harvard
2421807.53	-3312	-0.0145	0.0345	Harvard
2422155.649	-3268	-0.0298	0.0286	Harvard
2422456.455	-3229	0.1155	0.08	Szabados1980 Arch.
2422527.456	-3221	-0.0929	0.0338	Harvard
2422638.225	-3207	-0.0935	0.05	Szabados1980 Arch.
2422907.217	-3173	-0.1143	0.032	Harvard
2422970.647	-3164	0.0189	0.08	Szabados1980 Arch.
2423310.799	-3122	-0.0512	0.0406	Harvard
2423311.012	-3121	0.1622	0.05	Szabados1980 Arch.
2423658.931	-3078	-0.0529	0.0358	Harvard
2424014.932	-3033	-0.0976	0.0349	Harvard
2424054.691	-3027	0.1007	0.05	Szabados1980 Arch.
2424363.02	-2989	-0.1434	0.0392	Harvard
2424394.803	-2984	-0.0091	0.05	Szabados1980 Arch.
2424734.956	-2942	-0.0783	0.0339	Harvard
2424774.609	-2936	0.0146	0.05	Szabados1980 Arch.
2425091.008	-2897	-0.0716	0.0265	Harvard
2425138.576	-2890	0.0234	0.05	Szabados1980 Arch.
2425431.351	-2853	0.0495	0.05	Szabados1980 Arch.
2425439.213	-2853	-0.0008	0.0302	Harvard
2425826.887	-2804	-0.021	0.0337	Harvard
2425874.366	-2797	-0.0149	0.05	Szabados1980 Arch.
2426198.625	-2757	-0.1533	0.0246	Harvard
2426198.813	-2756	0.0346	0.05	Szabados1980 Arch.
2426570.445	-2710	-0.2041	0.0366	Harvard
2426918.697	-2666	-0.0854	0.0361	Harvard
2426926.651	-2664	-0.0436	0.05	Szabados1980 Arch.
2427124.506	-2639	0.0081	0.08	Szabados1980 Arch.
2427290.52	-2619	-0.1334	0.0496	Harvard
2427290.531	-2619	-0.1217	0.05	Szabados1980 Arch.
2427654.641	-2573	0.0301	0.0388	Harvard
2427899.865	-2541	-0.022	0.08	Szabados1980 Arch.
2428010.392	-2528	-0.2649	0.0268	Harvard
2428184.727	-2505	0.0032	0.05	Szabados1980 Arch.
2428390.316	-2480	-0.1233	0.0272	Harvard
2428524.799	-2463	-0.1465	0.05	Szabados1980 Arch.
2428579.96	-2456	-0.3704	0.08	Szabados1980 Arch.
2428738.431	-2436	-0.1422	0.0313	Harvard
2429118.253	-2388	-0.1031	0.032	Harvard
2429490.118	-2341	-0.1084	0.0188	Harvard
2429846.221	-2296	-0.0515	0.0217	Harvard
2430210.05	-2250	-0.1798	0.0252	Harvard
2430574.044	-2204	-0.1441	0.0228	Harvard
2430938.077	-2158	-0.0697	0.03	Harvard
2431286.199	-2114	-0.0813	0.0279	Harvard
2431673.739	-2065	-0.2353	0.0275	Harvard
2432021.984	-2021	-0.1246	0.02	Harvard
2432393.861	-1974	-0.1177	0.0331	Harvard
2432789.228	-1924	-0.3579	0.0411	Mitchell1964
2432789.321	-1924	-0.265	0.0535	AAVSO
2432789.381	-1924	-0.2043	0.0646	Harvard
2432947.579	-1904	-0.2488	0.02	Szabados1980 Arch.
2433137.535	-1880	-0.1842	0.0235	Harvard
2433153.132	-1878	-0.4114	0.0851	Eggen1951
2433153.293	-1878	-0.2509	0.0403	Mitchell1964
2433501.53	-1834	-0.1474	0.0168	Harvard
2433873.483	-1787	-0.0643	0.0426	Harvard
2434268.975	-1737	-0.1798	0.0632	Harvard
2434664.56	-1687	-0.2009	0.0523	Harvard
2435795.93	-1544	-0.2657	0.03	Szabados1980 Arch.
2436793.001	-1418	-0.1235	0.0139	Mitchell1964
2436824.568	-1414	-0.2054	0.0204	Bahner1962
2436824.677	-1414	-0.096	0.03	Szabados1980 Arch.
2436903.686	-1404	-0.2083	0.02	Szabados1980 Arch.
2437251.726	-1360	-0.3022	0.05	Szabados1980 Arch.
2437963.891	-1270	-0.2292	0.05	Szabados1980 Arch.
2438739.32	-1172	-0.1892	0.05	Szabados1980 Arch.
2439039.975	-1134	-0.1952	0.02	Szabados1980 Arch.
2440559.089	-942	-0.2107	0.1616	Harvard
2440923.269	-896	0.011	0.0657	Harvard
2442331.327	-718	-0.291	0.1411	Harvard
2442363.157	-714	-0.109	0.0119	Szabados1981
2442711.26	-670	-0.1401	0.0748	Harvard
2442750.762	-665	-0.1993	0.0429	Szabados1981
2442766.571	-663	-0.2139	0.02	Szabados1980 Arch.
2443075.173	-624	-0.1853	0.0805	Harvard
2443217.615	-606	-0.1614	0.0185	Szabados1981
2443431.148	-579	-0.2569	0.1786	Harvard
2443787.187	-534	-0.263	0.155	Harvard
2444198.672	-482	-0.2096	0.0543	AAVSO
2444515.26	-442	-0.1071	0.1072	Harvard
2444546.784	-438	-0.2309	0.0451	AAVSO
2444554.856	-437	-0.0713	0.0168	Moffett1984
2444894.946	-394	-0.203	0.0454	AAVSO
2444902.982	-393	-0.0794	0.0048	Moffett1984
2444910.817	-392	-0.1562	0.0451	Harvard
2445250.954	-349	-0.241	0.0424	AAVSO
2445258.884	-348	-0.2236	0.0727	Harvard
2445607.089	-304	-0.1522	0.0428	AAVSO
2445607.138	-304	-0.103	0.035	Harvard
2445955.309	-260	-0.0656	0.0243	AAVSO
2445963.126	-259	-0.1612	0.0843	Harvard
2446303.489	-216	-0.0194	0.0314	AAVSO
2446319.114	-214	-0.2185	0.0423	Harvard
2446667.364	-170	-0.1032	0.0299	AAVSO
2446675.175	-169	-0.2043	0.0291	Harvard
2447015.52	-126	-0.0809	0.0282	AAVSO
2447031.217	-124	-0.2082	0.0433	Harvard
2447379.274	-80	-0.2843	0.0385	Harvard
2447411.057	-76	-0.1508	0.0313	AAVSO
2447759.28	-32	-0.0615	0.035	AAVSO
2447917.457	-12	-0.1264	0.0037	Hipp
2448107.386	11	-0.0885	0.0286	AAVSO
2448265.599	31	-0.1187	0.008	Hipp
2448479.191	58	-0.1547	0.0332	AAVSO
2448653.274	80	-0.1381	0.0155	Hipp
2448827.264	102	-0.2149	0.0651	AAVSO
2449183.51	147	-0.0153	0.0612	AAVSO
2449578.951	197	-0.181	0.039	AAVSO
2449934.997	242	-0.1811	0.0511	AAVSO
2449942.754	243	-0.3355	0.0181	Berdnikov2008
2450283.167	286	-0.145	0.033	AAVSO
2450322.726	291	-0.1459	0.0078	Berdnikov2008
2450631.344	330	-0.1017	0.0378	AAVSO
2450995.29	376	-0.1137	0.0367	AAVSO
2451367.052	423	-0.2221	0.0578	AAVSO
2451731.073	469	-0.159	0.0478	AAVSO
2452079.097	513	-0.2684	0.0652	AAVSO
2452545.994	572	-0.1872	0.1847	AAVSO
2454033.494	760	-0.1685	0.03	AAVSO
2454381.647	804	-0.1498	0.0448	AAVSO
2454729.707	848	-0.2233	0.0965	AAVSO
2455876.951	993	-0.2384	0.1157	AAVSO
2456177.712	1031	-0.139	0.007	KWS
2456525.818	1075	-0.1663	0.0053	KWS
2456905.633	1123	-0.1337	0.0056	KWS
2457119.364	1150	-0.0306	0.1655	AAVSO
2457222.054	1163	-0.1987	0.0115	ASASSN-V
2457261.667	1168	-0.146	0.0063	KWS
2457601.908	1211	-0.127	0.0148	ASASSN-V
2457625.597	1214	-0.1735	0.0079	KWS
2457862.818	1244	-0.3175	0.0597	AAVSO
2457957.977	1256	-0.1034	0.0103	ASASSN-V
2458005.408	1262	-0.1454	0.0058	KWS
2458314.024	1301	-0.1028	0.019	ASASSN-V
2458401.013	1312	-0.1473	0.0054	KWS
2458677.855	1347	-0.2294	0.0116	ASASSN-g
2458749.141	1356	-0.1525	0.0053	KWS
2458804.895	1363	0.216	0.1519	Piszkes
2459041.921	1393	-0.1215	0.0132	ASASSN-g
2459097.307	1400	-0.1207	0.0095	KWS
