HJD	Epoch	O-C	O-Cerr	Source
2411936.745	-3357	-0.1293	0.3968	AAVSO
2412597.051	-3259	0.3233	0.1602	AAVSO
2412987.296	-3201	0.0425	0.1296	AAVSO
2413330.689	-3150	0.0429	0.0366	AAVSO
2413673.936	-3099	-0.1034	0.0802	AAVSO
2414495.514	-2977	0.0254	0.0514	AAVSO
2414986.943	-2904	-0.0691	0.2884	AAVSO
2415391.004	-2844	-0.0004	0.0543	AAVSO
2415485.235	-2830	-0.0338	0.2218	Harvard
2415841.921	-2777	-0.2072	0.1182	Harvard
2416084.698	-2741	0.1747	0.1314	AAVSO
2416185.268	-2726	-0.2536	0.2401	Harvard
2416461.475	-2685	-0.1071	0.0966	AAVSO
2416872.286	-2624	-0.0217	0.1426	Harvard
2416919.265	-2617	-0.1744	0.0855	AAVSO
2417262.848	-2566	0.0156	0.2029	AAVSO
2417646.973	-2509	0.3481	0.4244	Harvard
2417666.915	-2506	0.0905	0.0514	AAVSO
2417989.909	-2458	-0.1087	0.0968	Harvard
2418205.319	-2426	-0.1613	0.186	AAVSO
2418333.422	-2407	0.0114	0.1021	Harvard
2418690.192	-2354	-0.0786	0.1396	Harvard
2418697.059	-2353	0.0561	0.043	AAVSO
2419835.324	-2184	0.4106	0.0893	AAVSO
2419861.687	-2180	-0.1592	0.1556	Harvard
2420225.708	-2126	0.2693	0.2524	Harvard
2420548.764	-2078	0.1318	0.1099	AAVSO
2420589.243	-2072	0.2114	0.1453	Harvard
2420932.462	-2021	0.0371	0.2113	Harvard
2420946.062	-2019	0.1714	0.0859	AAVSO
2421309.232	-1965	-0.2514	0.1119	Harvard
2421309.699	-1965	0.2151	0.0708	AAVSO
2421665.923	-1912	-0.42	0.2452	Harvard
2422036.481	-1857	-0.1875	0.1499	Harvard
2422063.882	-1853	0.2808	0.049	AAVSO
2422400.011	-1803	-0.2498	0.3691	Harvard
2422407.44	-1802	0.4453	0.0567	AAVSO
2423154.297	-1691	-0.0818	0.2078	Harvard
2425794.799	-1299	-0.0991	0.05	Szabados1989 Arch.
2426036.35	-1263	0.1632	0.1138	Harvard
2426117.971	-1251	-0.1205	0.05	Szabados1989 Arch.
2426392.956	-1210	-0.0908	0.2952	Harvard
2426763.688	-1155	0.3159	0.2614	Harvard
2427524.729	-1042	0.5055	0.1001	Harvard
2427874.39	-990	0.0406	0.2667	Harvard
2428224.353	-938	-0.1224	0.1307	Harvard
2428944.602	-831	-0.3256	0.0858	Harvard
2429644.996	-727	-0.1845	0.1822	Harvard
2429988.936	-676	0.3632	0.4181	Harvard
2430338.334	-624	-0.3654	0.1421	Harvard
2430715.844	-568	0.0856	0.1747	Harvard
2431105.902	-510	-0.3813	0.1981	Harvard
2432197.341	-348	0.2796	0.1966	Harvard
2432587.826	-290	0.2397	0.2851	Harvard
2433814.11	-108	-0.0245	0.03	Szabados1989 Arch.
2434513.327	-4	0.0457	0.042	AAVSO
2434513.328	-4	0.0471	0.0389	Mitchell1964
2434870.209	49	0.0692	0.0552	Mitchell1964
2434870.209	49	0.0692	0.0558	AAVSO
2434871.193	49	-0.0533	0.02	Szabados1989 Arch.
2434958.726	62	-0.0518	0.05	Szabados1989 Arch.
2435159.529	92	-0.1389	0.0143	Irwin1961
2435214.551	100	-0.0883	0.03	Szabados1989 Arch.
2438876.507	644	0.1156	0.2033	AAVSO
2439906.364	797	-0.2069	0.088	AAVSO
2440250.17	848	0.2061	0.0943	AAVSO
2440263.364	850	-0.0664	0.0173	Stobie1970
2440318.333	858	-0.0689	0.05	Szabados1989 Arch.
2440647.116	907	-0.1063	0.0318	Pel1976
2440707.481	916	-0.3397	0.2715	AAVSO
2440742.458	921	-0.1352	0.02	Szabados1989 Arch.
2441798.445	1078	-0.1538	0.027	Dean1977
2441819.814	1081	-0.0906	0.02	Szabados1989 Arch.
2442102.62	1123	-0.0788	0.02	Szabados1989 Arch.
2442587.418	1195	-0.0709	0.03	Szabados1989 Arch.
2442949.617	1249	-0.358	0.2158	AAVSO
2443192.497	1285	0.1263	0.1012	Dean1981
2443260.823	1295	0.0145	0.05	Szabados1989 Arch.
2444417.602	1467	-0.21	0.0334	Berdnikov2008
2445050.581	1561	-0.1517	0.0133	AAVSO
2445092.16	1567	-0.0778	0.07	Walker1991 Arch.
2445427.643	1617	-0.1482	0.0286	AAVSO
2445475.936	1624	-0.094	0.07	Walker1991 Arch.
2445831.709	1677	-0.0739	0.0194	AAVSO
2445839.564	1678	-0.0586	0.07	Walker1991 Arch.
2447865.076	1979	-0.1328	0.0074	Hipp
2447972.803	1995	-0.1365	0.0086	AAVSO
2448021.113	2002	-0.0651	0.07	Walker1991 Arch.
2448208.449	2030	-0.1524	0.005	Hipp
2448558.602	2082	-0.1257	0.0059	Hipp
2448774.028	2114	-0.162	0.0282	AAVSO
2449123.987	2166	-0.3293	0.0908	AAVSO
2449467.71	2217	0.0013	0.018	AAVSO
2449844.578	2273	-0.19	0.0179	AAVSO
2450538.16	2376	-0.1274	0.0094	Berdnikov2008
2450867.979	2425	-0.2352	0.1321	AAVSO
2450888.275	2428	-0.1388	0.0064	Berdnikov2008
2451211.365	2476	-0.2416	0.0672	AAVSO
2451245.138	2481	-0.1351	0.0073	Berdnikov2008
2451568.151	2529	-0.3156	0.0713	AAVSO
2451622.182	2537	-0.1503	0.006	Berdnikov2008
2451965.559	2588	-0.1662	0.0269	Berdnikov2008
2452315.681	2640	-0.1698	0.0067	Berdnikov2008
2452436.848	2658	-0.2006	0.0179	ASAS
2452645.713	2689	-0.0649	0.1569	AAVSO
2452659.038	2691	-0.2057	0.0127	Berdnikov2008
2452780.275	2709	-0.1663	0.0158	ASAS
2453002.342	2742	-0.2951	0.1832	AAVSO
2453002.424	2742	-0.2134	0.0058	Berdnikov2008
2453123.641	2760	-0.1936	0.0081	ASAS
2453466.998	2811	-0.23	0.0053	ASAS
2453749.782	2853	-0.2393	0.4481	AAVSO
2453810.391	2862	-0.2299	0.0083	ASAS
2454153.787	2913	-0.2268	0.0122	ASAS
2454497.169	2964	-0.2374	0.0117	ASAS
2454719.739	2997	0.1367	0.5754	AAVSO
2454840.562	3015	-0.2375	0.0201	ASAS
2455702.411	3143	-0.2374	0.0744	AAVSO
2456046.044	3194	0.0021	0.1294	AAVSO
2456928.0	3325	-0.0899	0.0061	Gaia-dr2
2457291.589	3379	-0.0937	0.0053	Gaia-dr2
2457432.892	3400	-0.1882	0.0163	ASASSN-V
2457446.431	3402	-0.1154	0.3167	AAVSO
2457776.291	3451	-0.182	0.0232	ASASSN-V
2458119.664	3502	-0.2023	0.0179	ASASSN-V
2458537.23	3564	-0.0941	0.2631	AAVSO
