HJD	Epoch	O-C	O-Cerr	Source
2405471.016	-1417	20.6972	0.047	Burnashev2009
2405795.187	-1405	20.483	0.0915	Burnashev2009
2406173.189	-1391	20.0354	0.048	Burnashev2009
2406524.391	-1378	19.8201	0.1873	Burnashev2009
2425302.27	-684	7.5218	0.1	Szabados1991 Arch.
2432784.039	-407	4.2712	0.0769	Mitchell1964
2432840.908	-405	4.205	0.04	Szabados1991 Arch.
2435161.635	-319	3.0425	0.1741	Mitchell1964
2435191.449	-318	2.9537	0.04	Szabados1991 Arch.
2435488.134	-307	2.2856	0.04	Szabados1991 Arch.
2435512.116	-306	2.1065	0.1287	Mitchell1964
2436998.872	-251	2.0966	0.216	Mitchell1964
2437056.133	-249	2.423	0.04	Szabados1991 Arch.
2437974.56	-215	1.7588	0.06	Szabados1991 Arch.
2438758.533	-186	1.801	0.02	Szabados1991 Arch.
2439352.984	-164	1.5459	0.06	Szabados1991 Arch.
2439812.386	-147	1.4022	0.02	Szabados1991 Arch.
2440836.191	-109	0.8579	0.221	Pel1976
2440892.759	-107	0.4914	0.04	Szabados1991 Arch.
2440919.687	-106	0.3873	0.02	Szabados1991 Arch.
2441001.207	-103	0.811	0.06	Szabados1991 Arch.
2441187.102	-96	0.3523	0.1582	AAVSO
2441538.204	-83	0.0368	0.0546	AAVSO
2441730.626	-76	0.3634	0.02	Szabados1991 Arch.
2441757.17	-75	-0.1247	0.02	Szabados1991 Arch.
2441916.666	-69	0.05	0.051	AAVSO
2442267.944	-56	-0.0893	0.0631	AAVSO
2442567.909	-45	-0.3486	0.02	Szabados1991 Arch.
2442619.353	-43	-0.0983	0.0524	AAVSO
2442997.432	-29	-0.4678	0.0576	AAVSO
2443375.96	-15	-0.3892	0.0652	AAVSO
2443402.976	-14	-0.4055	0.0751	Moffett1984
2443513.475	-10	-0.9059	0.02	Szabados1991 Arch.
2443754.115	-1	-0.6835	0.0733	AAVSO
2443781.737	0	-0.0943	0.0786	Szabados1981
2443784.184	0	-0.5179	0.02	Szabados1991 Arch.
2443808.224	1	-0.6392	0.1454	Moffett1984
2443810.773	-1	-0.961	0.02	Szabados1991 Arch.
2444081.479	-11	-0.5759	0.02	Szabados1991 Arch.
2444105.319	12	-0.8977	0.1114	AAVSO
2444131.973	13	-1.2752	0.6514	Coulson1985
2444456.696	25	-0.937	0.073	AAVSO
2444537.461	28	-1.2684	0.1539	Coulson1985
2444702.532	-34	-1.2611	0.02	Szabados1991 Arch.
2444835.258	39	-0.825	0.0618	AAVSO
2444888.862	41	-1.2854	0.1101	Coulson1985
2445186.474	52	-1.0261	0.0664	AAVSO
2445564.909	66	-1.0399	0.069	AAVSO
2445645.799	69	-1.2471	0.1468	Berdnikov2008
2445702.336	-71	-1.6447	0.02	Szabados1991 Arch.
2445916.329	79	-1.0381	0.0547	AAVSO
2446294.687	93	-1.129	0.0565	AAVSO
2446646.386	106	-0.8471	0.0716	AAVSO
2446997.642	119	-1.0085	0.0723	AAVSO
2447375.814	133	-1.2855	0.1315	AAVSO
2447403.052	134	-1.0796	0.038	Berdnikov2008
2447754.379	147	-1.1702	0.1022	AAVSO
2448106.121	160	-0.8459	0.0599	AAVSO
2448484.217	174	-1.1991	0.0306	Berdnikov2008
2448484.708	174	-0.7075	0.0797	AAVSO
2448862.652	188	-1.213	0.0297	Berdnikov2008
2448862.758	188	-1.1074	0.0985	AAVSO
2449214.013	201	-1.269	0.0944	AAVSO
2449565.56	214	-1.1398	0.0794	AAVSO
2449619.606	216	-1.1577	0.032	Berdnikov2008
2449944.013	228	-1.1358	0.0727	AAVSO
2450322.402	242	-1.1962	0.0584	Berdnikov2008
2450322.432	242	-1.166	0.0566	AAVSO
2450674.006	255	-1.0092	0.0775	AAVSO
2450889.988	263	-1.2846	0.0335	Berdnikov2008
2451025.02	268	-1.4125	0.0555	AAVSO
2451241.886	276	-0.8035	0.2184	Berdnikov2008
2451403.553	282	-1.3295	0.1007	AAVSO
2451592.884	289	-1.2225	0.0375	Berdnikov2008
2451781.895	296	-1.4361	0.1087	AAVSO
2451917.312	301	-1.1798	0.0232	Berdnikov2008
2452187.584	311	-1.2288	0.0857	AAVSO
2452295.819	315	-1.1228	0.0164	Berdnikov2008
2452511.744	323	-1.4537	0.1253	AAVSO
2452620.152	327	-1.1745	0.0326	Berdnikov2008
2452863.443	336	-1.1721	0.0939	AAVSO
2452891.015	337	-0.6321	0.1177	ASAS
2452971.75	340	-0.9934	0.0197	Berdnikov2008
2453241.952	350	-1.1124	0.0987	AAVSO
2453268.919	351	-1.1781	0.1786	ASAS
2453620.481	364	-1.0329	0.0759	AAVSO
2453621.078	364	-0.4356	0.0675	ASAS
2453971.803	377	-1.1285	0.056	AAVSO
2454080.678	381	-0.3814	0.1306	ASAS
2454323.383	390	-0.9655	0.0549	AAVSO
2454404.643	393	-0.8023	0.0831	ASAS
2454701.938	404	-0.8597	0.0897	AAVSO
2454728.92	405	-0.9101	0.0548	ASAS
2455080.386	418	-0.8608	0.1903	ASAS
2455080.518	418	-0.7293	0.0758	AAVSO
2455486.057	433	-0.6713	0.12	AAVSO
2455513.075	434	-0.6853	0.0257	KWS
2455837.496	446	-0.65	0.0318	KWS
2455864.341	447	-0.8373	0.1491	AAVSO
2456188.977	459	-0.5861	0.0181	KWS
2456242.518	461	-1.1095	0.1118	AAVSO
2456567.435	473	-0.5776	0.0217	KWS
2456594.317	474	-0.7272	0.0918	AAVSO
2456918.844	486	-0.5859	0.0162	KWS
2456945.738	487	-0.7234	0.1372	AAVSO
2456999.931	489	-0.5946	0.0809	ASASSN
2457269.966	499	-0.8812	0.0931	AAVSO
2457270.339	499	-0.5082	0.0178	KWS
2457324.51	501	-0.4009	0.0391	ASASSN
2457594.659	511	-0.573	0.0609	AAVSO
2457648.814	513	-0.4819	0.0346	ASASSN
2457648.84	513	-0.4567	0.0143	KWS
2457973.096	525	-0.5852	0.0803	AAVSO
2457973.141	525	-0.5404	0.0417	ASASSN
2458027.382	527	-0.3636	0.0142	KWS
2458351.456	539	-0.6748	0.1297	AAVSO
2458351.827	539	-0.3034	0.0504	ASASSN
2458378.885	540	-0.2777	0.0148	KWS
