HJD	Epoch	O-C	O-Cerr	Source
2413854.574	-7775	0.202	0.1605	Harvard
2414207.262	-7628	0.3567	0.1172	Harvard
2414588.398	-7469	0.1811	0.0846	Harvard
2414941.061	-7322	0.3115	0.0291	Harvard
2415188.571	-7219	0.2864	0.109	Berdnikov1997 Arch.
2415317.694	-7165	0.4297	0.0366	Harvard
2415679.757	-7014	0.366	0.0504	Harvard
2416029.777	-6868	0.2514	0.028	Harvard
2416379.996	-6722	0.3355	0.0183	Harvard
2416742.136	-6571	0.3495	0.0247	Harvard
2417096.951	-6423	0.2339	0.0189	Harvard
2417473.502	-6266	0.2696	0.0507	Harvard
2417680.171	-6180	0.1733	0.118	Berdnikov1997 Arch.
2417878.735	-6097	0.2098	0.0274	Harvard
2418233.641	-5949	0.1847	0.024	Harvard
2418598.201	-5797	0.2202	0.0237	Harvard
2418960.327	-5646	0.2205	0.033	Harvard
2419308.054	-5501	0.2112	0.0365	Harvard
2419691.733	-5341	0.1809	0.0163	Harvard
2420039.482	-5196	0.1932	0.0231	Harvard
2420435.173	-5031	0.1834	0.0178	Harvard
2420787.654	-4884	0.1315	0.0204	Harvard
2421135.315	-4739	0.0561	0.0206	Harvard
2421511.947	-4582	0.1728	0.0298	Harvard
2421859.631	-4437	0.1199	0.0269	Harvard
2422238.523	-4279	0.0994	0.037	Harvard
2422588.676	-4133	0.1169	0.0227	Harvard
2422945.94	-3984	0.0514	0.026	Harvard
2423320.059	-3828	0.0544	0.0495	Harvard
2423677.359	-3679	0.0243	0.025	Harvard
2424061.092	-3519	0.0485	0.0278	Harvard
2424413.618	-3372	0.0415	0.0713	Harvard
2424792.625	-3214	0.1351	0.0481	Harvard
2425044.824	-3109	0.0032	0.194	Berdnikov1997 Arch.
2425157.137	-3062	0.1235	0.0271	Harvard
2425291.869	-3006	0.0352	0.048	Berdnikov1997 Arch.
2425526.394	-2908	0.0596	0.0342	Harvard
2425888.495	-2757	0.0349	0.0321	Harvard
2426250.525	-2606	-0.0609	0.0371	Harvard
2426479.014	-2511	0.0792	0.073	Berdnikov1997 Arch.
2426619.949	-2452	0.0431	0.03	Harvard
2426979.642	-2302	0.0082	0.0246	Harvard
2427358.557	-2144	0.0104	0.0349	Harvard
2427541.466	-2068	0.1356	0.162	Berdnikov1997 Arch.
2427725.444	-1991	-0.025	0.0448	Harvard
2428078.008	-1844	0.0063	0.0184	Harvard
2428335.267	-1737	0.1377	0.07	Berdnikov1997 Arch.
2428437.675	-1694	-0.0542	0.0273	Harvard
2428816.743	-1536	0.1007	0.0409	Harvard
2429193.137	-1379	-0.0205	0.0383	Harvard
2429227.244	-1365	-0.0097	0.03	Berdnikov1997 Arch.
2429483.862	-1258	0.0026	0.072	Berdnikov1997 Arch.
2429550.466	-1230	-0.0211	0.0383	Harvard
2429567.784	-1223	-0.0114	0.0499	Berdnikov1997 Arch.
2429900.696	-1084	0.0748	0.0267	Harvard
2430250.706	-938	-0.0502	0.0232	Harvard
2430617.622	-785	-0.0567	0.0163	Harvard
2431001.401	-625	0.0133	0.0205	Harvard
2431356.299	-477	-0.0205	0.0307	Harvard
2431706.445	-331	-0.0092	0.0218	Harvard
2432056.557	-185	-0.0317	0.0232	Harvard
2432423.562	-32	0.051	0.045	Harvard
2432802.535	126	0.1103	0.0838	Harvard
2433162.101	276	-0.0507	0.0208	Harvard
2433540.896	434	-0.1687	0.048	Harvard
2433922.32	593	-0.0565	0.0308	Harvard
2434261.127	734	0.0854	0.044	Berdnikov1997 Arch.
2434284.41	744	-0.0921	0.0464	Harvard
2434371.382	780	0.0232	0.0765	Berdnikov1997 Arch.
2434668.013	904	-0.1981	0.0592	Harvard
2435924.341	1428	0.0047	0.05	Busch1973 Arch.
2436251.155	1564	0.1418	0.2358	Harvard
2437317.426	2009	-0.2552	0.08	Busch1973 Arch.
2437696.377	2167	-0.2173	0.05	Busch1973 Arch.
2438003.512	2295	-0.0498	0.05	Busch1973 Arch.
2438413.453	2466	-0.1983	0.05	Busch1973 Arch.
2438466.403	2488	-0.0084	0.05	Busch1973 Arch.
2438471.383	2490	0.1753	0.08	Busch1973 Arch.
2439200.388	2794	0.1323	0.05	Busch1973 Arch.
2439533.413	2933	-0.1902	0.05	Busch1973 Arch.
2440859.574	3486	-0.225	0.05	Busch1973 Arch.
2440922.264	3512	-0.4115	0.2452	Harvard
2441354.318	3692	-0.0302	0.0935	Harvard
2442016.178	3968	-0.069	0.1043	Harvard
2442368.751	4115	-0.0296	0.1444	Harvard
2442716.397	4260	-0.12	0.1842	Harvard
2443078.374	4411	-0.2688	0.0863	Harvard
2443459.999	4570	0.0448	0.1276	Harvard
2444177.088	4869	0.0769	0.0943	Harvard
2444548.777	5024	0.0476	0.1063	Harvard
2444910.722	5175	-0.1338	0.1068	Harvard
2444910.969	5175	0.1138	0.0065	Eggen1985
2444976.26	5202	0.132	0.007	Berdnikov1997 Arch.
2445287.529	5332	0.1589	0.0808	Harvard
2445639.972	5479	0.0683	0.0865	Harvard
2446004.397	5631	-0.0307	0.0408	Harvard
2446048.344	5649	0.2277	0.059	Berdnikov1997 Arch.
2446354.629	5777	0.0665	0.0565	Harvard
2446709.618	5925	0.1244	0.0943	Harvard
2447086.055	6082	0.0466	0.0708	Harvard
2447441.245	6230	0.3051	0.4061	Harvard
2448520.915	6680	0.271	0.007	Berdnikov1997 Arch.
2448877.702	6829	0.2499	0.0139	Berdnikov2008
2448885.419	6832	0.251	0.012	Berdnikov1997 Arch.
2449621.16	7139	0.2708	0.0061	Berdnikov2008
2449628.887	7142	0.2818	0.0093	Berdnikov1997 Arch.
2449815.971	7220	0.3079	0.0072	Berdnikov1997 Arch.
2450314.258	7428	0.2939	0.0056	Berdnikov2008
2450808.296	7634	0.3058	0.0033	Berdnikov2008
2451247.174	7817	0.3161	0.0055	Berdnikov2008
2451273.576	7828	0.3089	0.0206	NSVS
2451618.895	7972	0.3188	0.006	Berdnikov2008
2451621.317	7973	0.3132	0.0105	NSVS
2452316.773	8263	0.3253	0.0053	Berdnikov2008
2452551.75	8361	0.2803	0.008	ASAS
2452911.511	8511	0.3138	0.0028	ASAS
2452981.064	8540	0.3192	0.0044	Berdnikov2008
2453278.378	8664	0.2583	0.0092	ASAS
2453630.947	8811	0.2948	0.0077	ASAS
2454091.408	9003	0.3045	0.0038	ASAS
2454439.154	9148	0.3137	0.003	ASAS
2454794.074	9296	0.3024	0.0065	ASAS
2455515.928	9597	0.303	0.0118	KWS
2455866.081	9743	0.3212	0.0127	KWS
2456220.964	9891	0.273	0.0077	KWS
2456578.319	10040	0.298	0.0042	KWS
2456935.642	10189	0.2922	0.0036	KWS
2457007.56	10219	0.2642	0.0049	ASASSN-V
2457307.353	10344	0.2842	0.0043	KWS
2457357.691	10365	0.2608	0.0044	ASASSN-V
2457667.079	10494	0.2834	0.0055	KWS
2457705.443	10510	0.2757	0.0053	ASASSN-V
2458050.788	10654	0.2822	0.0026	KWS
2458074.748	10664	0.261	0.0051	ASASSN-V
2458228.35	10728	0.3786	0.0204	ASASSN-g
2458403.33	10801	0.2918	0.0042	KWS
2458427.269	10811	0.2486	0.0171	ASASSN-V
2458575.908	10873	0.2001	0.042	ASASSN-g
2458777.435	10957	0.28	0.0038	KWS
