HJD	Epoch	O-C	O-Cerr	Source
2411934.379	-6818	0.1189	0.1257	Harvard
2412331.78	-6727	0.3208	0.2771	Harvard
2412680.63	-6648	-0.0148	0.0515	Harvard
2413056.095	-6561	0.0753	0.0327	Harvard
2414605.522	-6206	-0.0098	0.06	Szabados1977 Arch.
2414902.302	-6139	-0.0378	0.0491	Harvard
2415264.71	-6055	0.0902	0.114	Harvard
2415286.472	-6050	0.0278	0.06	Szabados1977 Arch.
2415631.261	-5972	-0.0045	0.0404	Harvard
2415984.9	-5890	0.0845	0.0416	Harvard
2416334.051	-5810	0.0494	0.0161	Harvard
2416691.959	-5728	0.0417	0.0466	Harvard
2417049.778	-5647	-0.0549	0.0399	Harvard
2417407.879	-5564	0.1307	0.0281	Harvard
2417612.872	-5517	-0.0229	0.06	Szabados1977 Arch.
2417761.211	-5484	-0.0872	0.0486	Harvard
2418110.51	-5404	0.0254	0.0369	Harvard
2418459.764	-5323	0.0932	0.0228	Harvard
2418586.222	-5294	-0.0284	0.06	Szabados1977 Arch.
2418830.858	-5238	0.1775	0.0376	Harvard
2419210.508	-5151	0.0879	0.0505	Harvard
2419577.163	-5067	0.0977	0.0256	Harvard
2419948.134	-4982	0.0593	0.0202	Harvard
2420297.338	-4902	0.077	0.0227	Harvard
2420672.641	-4817	0.0058	0.0293	Harvard
2421034.956	-4733	0.0405	0.0495	Harvard
2421397.322	-4650	0.1257	0.0277	Harvard
2421763.958	-4566	0.1169	0.0491	Harvard
2422117.437	-4485	0.0453	0.056	Harvard
2422475.305	-4404	-0.0025	0.0331	Harvard
2422829.007	-4322	0.1491	0.061	Harvard
2423212.977	-4235	0.0143	0.033	Harvard
2423562.268	-4154	0.1197	0.0421	Harvard
2423915.733	-4074	0.034	0.0279	Harvard
2424286.646	-3989	-0.0628	0.0393	Harvard
2424666.411	-3902	-0.0372	0.0606	Harvard
2425028.798	-3818	0.0691	0.033	Harvard
2425408.547	-3731	0.0784	0.0258	Harvard
2425757.676	-3652	0.0215	0.0112	Harvard
2426106.924	-3571	0.0836	0.0268	Harvard
2426460.466	-3490	0.0748	0.0207	Harvard
2426809.584	-3411	0.0069	0.0222	Harvard
2427180.655	-3325	0.0687	0.0314	Harvard
2427529.761	-3246	-0.0115	0.023	Harvard
2427887.701	-3164	0.0125	0.0143	Harvard
2428250.119	-3080	0.1503	0.027	Harvard
2428642.78	-2991	-0.0227	0.0232	Harvard
2428717.132	-2973	0.1274	0.06	Szabados1977 Arch.
2428747.722	-2966	0.1636	0.06	Szabados1977 Arch.
2428992.051	-2910	0.0632	0.031	Harvard
2429341.302	-2830	0.1275	0.0206	Harvard
2429755.909	-2735	0.0767	0.0156	Harvard
2430113.791	-2653	0.0432	0.0242	Harvard
2430166.252	-2641	0.1262	0.06	Szabados1977 Arch.
2430445.546	-2577	0.0715	0.06	Szabados1977 Arch.
2430489.213	-2567	0.09	0.0223	Harvard
2430515.316	-2562	0.0041	0.0646	Filatov1957
2430650.633	-2530	0.0118	0.06	Szabados1977 Arch.
2430868.927	-2480	0.0649	0.0267	Harvard
2430956.187	-2460	0.0282	0.04	Szabados1977 Arch.
2431226.799	-2399	0.0213	0.0097	Harvard
2431410.076	-2356	-0.0244	0.06	Szabados1977 Arch.
2431584.757	-2316	0.0639	0.0496	Filatov1957
2431606.556	-2311	0.0385	0.0114	Harvard
2431933.904	-2237	0.0246	0.0413	Filatov1957
2431960.185	-2230	0.1169	0.0234	Harvard
2432313.667	-2149	0.0483	0.0239	Harvard
2432702.073	-2061	-0.0152	0.0236	Filatov1957
2432702.134	-2060	0.0463	0.0422	Harvard
2432793.802	-2039	0.0527	0.06	Szabados1977 Arch.
2433055.649	-1980	0.0106	0.0334	Harvard
2433059.939	-1979	-0.0647	0.0285	Filatov1957
2433121.119	-1964	0.008	0.06	Szabados1977 Arch.
2433426.617	-1895	-0.0309	0.0299	Harvard
2433649.359	-1843	0.1044	0.04	Szabados1977 Arch.
2433775.922	-1814	0.0878	0.0363	Harvard
2433823.815	-1804	-0.0321	0.0314	Filatov1957
2433889.426	-1788	0.1061	0.06	Szabados1977 Arch.
2434173.087	-1723	0.0535	0.0168	Harvard
2434399.993	-1671	-0.0111	0.04	Szabados1977 Arch.
2434448.072	-1660	0.0548	0.06	Szabados1977 Arch.
2434565.783	-1634	-0.0844	0.0223	Filatov1957
2434919.534	-1552	0.1161	0.0499	Filatov1957
2435277.233	-1471	-0.1003	0.0627	Filatov1957
2435334.248	-1457	0.1717	0.06	Szabados1977 Arch.
2435692.097	-1375	0.1052	0.04	Szabados1977 Arch.
2436748.349	-1133	0.0706	0.0411	Mitchell1964
2436761.37	-1130	-0.0034	0.01	Szabados1977 Arch.
2437141.184	-1043	0.0709	0.033	Mitchell1964
2437306.982	-1005	0.0057	0.01	Szabados1977 Arch.
2437861.427	-878	0.1184	0.0414	Harvard
2439742.615	-447	0.0675	0.01	Szabados1977 Arch.
2440026.308	-382	0.0475	0.1287	Harvard
2440392.842	-299	-0.0639	0.1133	Harvard
2440772.695	-211	0.0499	0.1907	Harvard
2441414.321	-64	0.0467	0.0125	Szabados1977
2441698.042	0	0.0538	0.01	Szabados1977 Arch.
2441763.6	15	0.1396	0.0759	Harvard
2441802.841	24	0.0974	0.014	Szabados1977
2442208.669	116	-0.0034	0.0493	Harvard
2442571.049	200	0.0963	0.0845	Harvard
2442920.195	280	0.0562	0.0393	Harvard
2443273.744	361	0.0548	0.0453	Harvard
2443657.741	448	-0.0521	0.0655	Harvard
2444024.579	533	0.1399	0.0632	Harvard
2444399.928	619	0.115	0.0709	Harvard
2444430.45	626	0.0833	0.0021	Moffett1984
2444779.614	706	0.061	0.0666	Harvard
2444823.291	716	0.0893	0.002	Moffett1984
2445137.574	788	0.1056	0.0228	Harvard
2445491.049	868	0.03	0.0348	Harvard
2445844.695	950	0.1252	0.0554	Harvard
2446202.549	1032	0.0636	0.0297	Harvard
2446560.467	1114	0.0657	0.0255	Harvard
2446604.126	1124	0.0767	0.0032	Berdnikov2008
2446913.919	1194	-0.0323	0.0799	Harvard
2447267.603	1276	0.1006	0.0553	Harvard
2447625.572	1358	0.1545	0.0936	Harvard
2447891.783	1419	0.1115	0.0114	Hipp
2448254.071	1502	0.1192	0.0038	Hipp
2448633.825	1589	0.1337	0.0487	Hipp
2448852.066	1639	0.1326	0.006	Berdnikov2008
2449026.763	1679	0.2369	0.2974	Hipp
2449991.356	1900	0.2043	0.0242	Berdnikov2008
2455696.21	3207	0.2342	0.0226	KWS
2456058.486	3290	0.23	0.0106	KWS
2456446.974	3379	0.2489	0.0074	KWS
2456796.181	3459	0.2706	0.0087	KWS
2457066.794	3521	0.2639	0.0044	ASASSN-V
2457149.718	3540	0.2567	0.0046	KWS
2457446.537	3608	0.2675	0.0028	ASASSN-V
2457525.135	3626	0.2987	0.009	KWS
2457821.929	3694	0.2845	0.0027	ASASSN-V
2457891.755	3710	0.2738	0.0053	KWS
2458175.48	3775	0.2852	0.0026	ASASSN-V
2458219.085	3785	0.2423	0.0051	ASASSN-g
2458254.047	3793	0.2851	0.0056	KWS
2458568.299	3865	0.2698	0.002	ASASSN-g
2458625.07	3878	0.298	0.0073	KWS
2458917.503	3945	0.2878	0.0029	ASASSN-g
2458987.324	3961	0.272	0.0152	KWS
