HJD	Epoch	O-C	O-Cerr	Source
2413342.37	-8173	0.0879	0.1577	Harvard
2413690.948	-8096	0.0226	0.1358	Harvard
2414039.609	-8019	0.0388	0.0932	Harvard
2414569.281	-7903	-0.0471	0.3222	Harvard
2414940.636	-7820	0.0243	0.0708	Harvard
2415529.309	-7690	0.0775	0.0661	Harvard
2415896.054	-7609	0.0663	0.0579	Harvard
2416267.402	-7527	0.1308	0.098	Harvard
2416615.956	-7450	0.0412	0.0426	Harvard
2416973.754	-7371	0.1393	0.0417	Harvard
2417322.33	-7294	0.0712	0.0256	Harvard
2417684.624	-7214	0.1369	0.12	Harvard
2418033.27	-7137	0.1387	0.0534	Harvard
2418381.818	-7060	0.0431	0.0282	Harvard
2418748.512	-6980	-0.0187	0.0305	Harvard
2419147.037	-6891	0.0551	0.0254	Harvard
2419509.205	-6812	-0.004	0.0239	Harvard
2419885.093	-6728	0.0721	0.0176	Harvard
2420269.945	-6643	0.0573	0.0288	Harvard
2420623.156	-6565	0.0966	0.0472	Harvard
2420989.862	-6484	0.0468	0.0311	Harvard
2421338.558	-6407	0.0983	0.0265	Harvard
2421728.091	-6321	0.2365	0.1069	Harvard
2422081.101	-6243	0.0746	0.0382	Harvard
2422479.55	-6155	0.0732	0.0514	Harvard
2422846.276	-6074	0.0432	0.0309	Harvard
2423194.992	-5997	0.1153	0.0239	Harvard
2423561.695	-5916	0.0623	0.0865	Harvard
2424281.493	-5758	-0.0667	0.3693	Harvard
2424648.274	-5677	-0.0415	0.0555	Harvard
2425703.44	-5443	0.1358	0.0865	Harvard
2426061.192	-5364	0.1885	0.1057	Harvard
2426450.546	-5278	0.1476	0.0845	Harvard
2426799.093	-5201	0.0502	0.0479	Harvard
2427152.323	-5123	0.108	0.0217	Harvard
2427523.449	-5042	-0.0489	0.0339	Harvard
2427890.221	-4961	-0.0328	0.0318	Harvard
2428257.054	-4879	0.0442	0.042	Harvard
2428605.632	-4803	-0.0217	0.0235	Harvard
2428954.329	-4725	0.0312	0.0557	Harvard
2429321.007	-4645	-0.047	0.0329	Harvard
2429728.514	-4555	-0.0455	0.0694	Harvard
2429778.401	-4543	0.0346	0.04	Vinko1991 Arch.
2430081.818	-4476	0.0858	0.0308	Harvard
2430434.9	-4399	-0.0044	0.0238	Harvard
2430783.624	-4321	0.0755	0.03	Harvard
2430910.451	-4293	0.1228	0.04	Vinko1991 Arch.
2431141.22	-4243	-0.0283	0.0341	Harvard
2431286.181	-4210	0.0415	0.04	Vinko1991 Arch.
2431494.355	-4165	-0.065	0.026	Harvard
2431648.401	-4130	0.0337	0.04	Vinko1991 Arch.
2431870.274	-4081	0.0429	0.0393	Harvard
2432246.1	-3998	0.0576	0.0406	Harvard
2432603.776	-3919	0.033	0.0266	Harvard
2432975.085	-3837	0.0592	0.039	Harvard
2433359.809	-3753	-0.0838	0.0624	Harvard
2433749.473	-3666	0.185	0.0873	Harvard
2434097.916	-3590	-0.0159	0.1024	Harvard
2434577.873	-3484	-0.0114	0.0216	Mitchell1964
2434885.771	-3415	-0.0069	0.01	Vinko1991 Arch.
2434931.046	-3406	-0.0101	0.0125	Mitchell1964
2435243.489	-3336	0.0112	0.01	Vinko1991 Arch.
2437453.159	-2848	0.0916	0.0492	Mitchell1964
2437457.675	-2847	0.08	0.01	Vinko1991 Arch.
2440391.566	-2199	-0.0738	0.02	Vinko1991 Arch.
2440676.891	-2137	-0.0033	0.0039	Pel1976
2440713.014	-2129	-0.1026	0.0598	Harvard
2440767.45	-2116	-0.0011	0.01	Vinko1991 Arch.
2441120.751	-2038	0.128	0.2869	Harvard
2441532.601	-1948	-0.0562	0.1126	Harvard
2443973.153	-1409	-0.014	0.0088	Berdnikov2008
2444041.123	-1393	0.0389	0.0101	Moffett1984
2444099.943	-1380	-0.0035	0.01	Vinko1991 Arch.
2444389.765	-1316	0.0367	0.0141	Moffett1984
2444394.265	-1315	0.0085	0.0022	Gieren1981
2444398.77	-1314	-0.0144	0.01	Vinko1991 Arch.
2444765.543	-1233	0.0032	0.0069	Eggen1985
2444770.056	-1232	-0.0119	0.01	Vinko1991 Arch.
2445490.009	-1073	0.0141	0.0618	Harvard
2445847.609	-995	-0.0858	0.1052	Harvard
2446200.881	-916	0.014	0.0187	Harvard
2446916.302	-758	0.0347	0.0774	Harvard
2447264.922	-681	0.0105	0.1256	Harvard
2447925.952	-536	-0.0252	0.0027	Hipp
2448306.303	-452	-0.0135	0.003	Hipp
2448654.952	-375	-0.0082	0.013	Hipp
2450352.903	0	-0.0	0.0022	Berdnikov2008
2450887.188	117	-0.0011	0.0024	Berdnikov2008
2451244.881	196	-0.0079	0.0054	Berdnikov2008
2451620.698	279	-0.0018	0.0046	Berdnikov2008
2451937.677	350	0.0273	0.0359	ASAS
2452322.522	435	0.0051	0.0047	Berdnikov2008
2452440.236	460	-0.0044	0.0023	ASAS
2452698.311	517	-0.017	0.0096	IOMC
2452788.884	537	-0.0003	0.0012	ASAS
2453069.605	599	-0.0057	0.0106	Berdnikov2008
2453142.058	616	0.0011	0.0019	ASAS
2453490.696	692	-0.0052	0.0022	ASAS
2453830.253	767	-0.0366	0.0243	IOMC
2453848.403	772	0.0021	0.0045	ASAS
2454178.881	844	-0.053	0.0144	IOMC
2454201.572	849	-0.0008	0.003	ASAS
2454550.212	926	-0.0056	0.0035	ASAS
2454559.237	928	-0.0358	0.0219	IOMC
2454912.453	1007	0.0081	0.0036	ASAS
2454916.913	1007	-0.0602	0.0233	IOMC
2456374.934	1329	-0.0058	0.0083	KWS
2456728.113	1408	0.0019	0.0066	KWS
2457108.451	1492	0.0004	0.0137	KWS
2457461.604	1569	-0.0185	0.0061	KWS
2457819.264	1648	-0.0585	0.0132	KWS
2458172.467	1726	-0.0277	0.0121	KWS
2458557.315	1811	-0.0466	0.015	KWS
2458629.797	1827	-0.0105	0.011	ASASSN-g
2458906.011	1889	0.0054	0.01	KWS
2458978.391	1904	-0.0602	0.022	ASASSN-g
