HJD	Epoch	O-C	O-Cerr	Source
2425984.121	-8534	-0.6837	0.065	Hacke1990 Arch.
2426036.981	-8517	-0.9682	0.065	Hacke1990 Arch.
2426634.091	-8326	-0.9531	0.065	Hacke1990 Arch.
2426718.811	-8299	-0.6392	0.065	Hacke1990 Arch.
2426975.04	-8217	-0.7545	0.065	Hacke1990 Arch.
2426978.081	-8216	-0.8397	0.065	Hacke1990 Arch.
2426978.091	-8216	-0.8297	0.065	Hacke1990 Arch.
2427019.041	-8203	-0.5197	0.065	Hacke1990 Arch.
2427071.851	-8186	-0.8542	0.065	Hacke1990 Arch.
2427096.895	-8178	-0.8196	0.032	Berdnikov1994 Arch.
2427100.031	-8177	-0.8096	0.065	Hacke1990 Arch.
2427121.721	-8170	-1.0026	0.065	Hacke1990 Arch.
2427121.751	-8170	-0.9726	0.065	Hacke1990 Arch.
2427121.791	-8170	-0.9326	0.065	Hacke1990 Arch.
2427856.801	-7935	-0.5681	0.065	Hacke1990 Arch.
2427859.821	-7934	-0.6743	0.065	Hacke1990 Arch.
2427859.871	-7934	-0.6243	0.065	Hacke1990 Arch.
2429685.731	-7350	-0.4365	0.065	Hacke1990 Arch.
2429685.761	-7349	-0.4065	0.065	Hacke1990 Arch.
2429688.731	-7349	-0.5626	0.065	Hacke1990 Arch.
2429688.751	-7349	-0.5426	0.065	Hacke1990 Arch.
2429688.821	-7349	-0.4726	0.065	Hacke1990 Arch.
2429691.821	-7348	-0.5988	0.065	Hacke1990 Arch.
2433327.771	-6184	-0.3624	0.065	Hacke1990 Arch.
2433355.741	-6176	-0.5277	0.065	Hacke1990 Arch.
2433630.981	-6087	-0.389	0.065	Hacke1990 Arch.
2433912.452	-5997	-0.2718	0.035	Berdnikov1994 Arch.
2435159.994	-5599	-0.0638	0.0185	Mitchell1964
2435160.032	-5599	-0.0255	0.0201	Irwin1961
2435206.765	-5583	-0.1853	0.031	Berdnikov1994 Arch.
2436244.951	-5251	0.1187	0.065	Hacke1990 Arch.
2436598.001	-5138	-0.0863	0.065	Hacke1990 Arch.
2436598.031	-5138	-0.0563	0.065	Hacke1990 Arch.
2437016.921	-5004	-0.0706	0.065	Hacke1990 Arch.
2437366.961	-4892	-0.1595	0.065	Hacke1990 Arch.
2437667.091	-4796	-0.14	0.065	Hacke1990 Arch.
2437704.921	-4784	0.1762	0.065	Hacke1990 Arch.
2438082.821	-4663	-0.1881	0.065	Hacke1990 Arch.
2438327.191	-4585	0.3422	0.065	Hacke1990 Arch.
2438708.171	-4463	-0.0683	0.065	Hacke1990 Arch.
2438795.921	-4435	0.1495	0.065	Hacke1990 Arch.
2438795.971	-4435	0.1995	0.065	Hacke1990 Arch.
2438848.901	-4418	-0.015	0.065	Hacke1990 Arch.
2439055.231	-4352	-0.011	0.065	Hacke1990 Arch.
2439093.071	-4340	0.3152	0.065	Hacke1990 Arch.
2439145.931	-4323	0.0306	0.065	Hacke1990 Arch.
2439146.011	-4323	0.1106	0.065	Hacke1990 Arch.
2439146.041	-4323	0.1406	0.065	Hacke1990 Arch.
2439443.131	-4228	0.2463	0.065	Hacke1990 Arch.
2439443.161	-4228	0.2763	0.065	Hacke1990 Arch.
2439452.181	-4225	-0.0822	0.065	Hacke1990 Arch.
2439452.201	-4225	-0.0622	0.065	Hacke1990 Arch.
2439537.011	-4198	0.3417	0.065	Hacke1990 Arch.
2439802.231	-4113	-0.1611	0.065	Hacke1990 Arch.
2439827.191	-4105	-0.2103	0.065	Hacke1990 Arch.
2439917.941	-4076	-0.1187	0.065	Hacke1990 Arch.
2439939.921	-4069	-0.0217	0.065	Hacke1990 Arch.
2440149.251	-4002	-0.1439	0.065	Hacke1990 Arch.
2440286.891	-3958	-0.0545	0.065	Hacke1990 Arch.
2440655.921	-3840	0.0897	0.065	Hacke1990 Arch.
2440915.171	-3757	-0.1309	0.065	Hacke1990 Arch.
2440981.011	-3736	0.06	0.065	Hacke1990 Arch.
2441355.951	-3616	-0.1381	0.065	Hacke1990 Arch.
2441355.991	-3616	-0.0981	0.065	Hacke1990 Arch.
2441681.041	-3512	-0.1679	0.065	Hacke1990 Arch.
2442069.011	-3388	0.1594	0.065	Hacke1990 Arch.
2442840.931	-3141	-0.0799	0.065	Hacke1990 Arch.
2443119.243	-3053	0.0047	0.0044	Stobie1979
2443159.971	-3039	0.0927	0.065	Hacke1990 Arch.
2443159.981	-3039	0.1027	0.065	Hacke1990 Arch.
2443163.081	-3038	0.0766	0.065	Hacke1990 Arch.
2443181.871	-3032	0.1097	0.065	Hacke1990 Arch.
2443182.091	-3032	0.3297	0.065	Hacke1990 Arch.
2443184.881	-3031	-0.0065	0.065	Hacke1990 Arch.
2443187.921	-3030	-0.0926	0.065	Hacke1990 Arch.
2443188.104	-3030	0.0902	0.007	Berdnikov1994 Arch.
2443482.101	-2936	0.2292	0.065	Hacke1990 Arch.
2443500.733	-2931	0.1047	0.0529	Henden1980
2443691.467	-2869	0.1429	0.043	Berdnikov1994 Arch.
2443851.091	-2818	0.3334	0.065	Hacke1990 Arch.
2443897.961	-2803	0.3111	0.065	Hacke1990 Arch.
2444988.971	-2454	0.2944	0.065	Hacke1990 Arch.
2445001.041	-2450	-0.1402	0.065	Hacke1990 Arch.
2445313.634	-2351	-0.1618	0.0165	Eggen1985
2445366.952	-2333	0.011	0.019	Berdnikov1994 Arch.
2445642.171	-2245	0.1288	0.065	Hacke1990 Arch.
2445732.931	-2216	0.2305	0.065	Hacke1990 Arch.
2446827.001	-1866	0.1476	0.065	Hacke1990 Arch.
2447899.06	-1524	-0.0632	0.0041	Hipp
2448249.177	-1412	-0.0751	0.0086	Hipp
2448596.221	-1301	-0.0331	0.0074	Hipp
2449802.92	-915	-0.0292	0.0069	Berdnikov2008
2450350.045	-740	0.0194	0.0044	Berdnikov2008
2450890.872	-566	0.0225	0.0039	Berdnikov2008
2451247.245	-453	0.0141	0.003	Berdnikov2008
2451619.262	-334	0.0194	0.006	Berdnikov2008
2451869.31	-254	-0.0244	0.0038	ASAS
2451966.277	-222	0.0316	0.0696	Berdnikov2008
2452216.306	-143	-0.0312	0.0135	ASAS
2452316.372	-111	-0.0027	0.0052	Berdnikov2008
2452563.303	-32	-0.0375	0.004	ASAS
2452910.309	78	-0.0338	0.0057	ASAS
2452985.384	102	0.0139	0.0049	Berdnikov2008
2453276.069	195	-0.0336	0.009	ASAS
2453623.094	307	-0.0113	0.0075	ASAS
2454088.906	456	0.0044	0.0121	ASAS
2454435.936	567	0.0317	0.0056	ASAS
2454782.953	678	0.0453	0.0097	ASAS
2455129.942	789	0.0315	0.0141	ASAS
2455523.803	915	-0.0018	0.0453	KWS
2455889.585	1032	0.0203	0.0314	KWS
2456236.525	1143	-0.0426	0.0181	KWS
2456592.982	1257	0.0328	0.0098	KWS
2456955.697	1373	0.1147	0.0191	KWS
2457305.832	1485	0.1209	0.0137	KWS
2457418.455	1521	0.2028	0.0046	ASASSN-V
2457665.431	1600	0.2125	0.0078	KWS
2457765.456	1632	0.2004	0.0026	ASASSN-V
2458049.969	1723	0.2333	0.0125	KWS
2458112.478	1743	0.22	0.0022	ASASSN-V
2458340.672	1816	0.2044	0.0045	ASASSN-g
2458409.517	1838	0.2743	0.012	KWS
2458709.6	1934	0.2471	0.0034	ASASSN-g
2458775.299	1955	0.2968	0.0113	KWS
